time,ax (m/s^2),ay (m/s^2),az (m/s^2),aT (m/s^2)
0.001888,0.1036,-0.4771,-1.9851,2.044
0.016020,-0.1827,-0.1035,-0.9501,0.973
0.035637,-0.1810,0.2033,-0.2913,0.399
0.056914,0.0474,0.3084,-0.5859,0.664
0.076363,0.2381,0.1566,-0.5190,0.592
0.095262,-0.1597,-0.3191,-0.4646,0.586
0.116519,-0.1771,-0.5760,-0.7559,0.967
0.138270,0.0224,-0.3014,-0.8759,0.927
0.155541,-0.1177,-0.3363,0.1172,0.375
0.178193,-0.1536,-0.4678,1.0050,1.119
0.196330,-0.1943,-0.7373,0.7037,1.038
0.218551,-0.7900,-1.3720,-0.2640,1.605
0.236554,-1.7176,-1.8695,-2.7303,3.728
0.262868,-0.7010,-1.0284,0.1779,1.257
0.275979,0.1617,-0.2926,0.9555,1.012
0.296821,1.9817,1.0870,-0.8336,2.409
0.317049,3.4551,2.6540,0.3268,4.369
0.339345,1.4585,1.9900,2.1329,3.261
0.355897,-1.0327,0.3011,-0.2368,1.101
0.379323,-0.4810,0.1635,-3.0260,3.068
0.397110,-0.1053,0.1946,-3.7700,3.776
0.418606,-1.2583,-0.0289,-3.1513,3.393
0.436307,-1.5365,-0.3537,-1.1071,1.927
0.459731,-1.0704,-0.3376,-0.0371,1.123
0.476579,-0.0826,0.5452,1.2088,1.329
0.497791,2.3245,2.3559,7.8788,8.546
0.516965,0.6765,1.3720,0.6396,1.658
0.538540,0.7764,0.8020,-0.2927,1.154
0.560108,0.6309,1.0062,0.4232,1.261
0.579613,0.8719,0.9799,-0.2861,1.343
0.599916,0.1994,0.0382,-1.4054,1.420
0.620338,-1.8051,-0.6430,-0.0466,1.917
0.640784,-1.8487,-0.7392,2.3077,3.048
0.660328,0.6094,0.1211,0.6686,0.913
0.677774,3.0721,-0.5833,-2.7464,4.162
0.699903,0.4527,-1.8560,-3.7067,4.170
0.720983,-3.7728,-2.7240,1.7279,4.964
0.740778,-8.6719,-6.4011,6.4087,12.540
0.760599,-5.5392,-5.6541,3.1913,8.534
0.780060,16.2067,6.1735,-12.2572,21.237
0.800355,3.9822,1.3821,-3.8491,5.708
0.819837,0.7745,3.0251,0.7002,3.200
0.839986,0.7111,1.7390,0.1145,1.882
0.861234,-0.5732,1.1788,0.1450,1.319
0.880933,-1.4333,2.0121,1.0247,2.674
0.900363,-0.3292,2.0621,1.0265,2.327
0.919353,-0.3917,0.0808,0.5261,0.661
0.941343,-2.8520,-1.3331,0.6120,3.207
0.960250,-2.6366,-1.5819,1.3466,3.357
0.982277,0.7424,-1.0644,1.6287,2.082
1.000651,1.3197,0.0298,1.4831,1.985
1.021515,-2.2334,-0.5783,0.3586,2.335
1.039870,-5.7346,-5.6174,1.3241,8.136
1.062160,-1.1759,-8.2127,-6.7696,10.708
1.080838,8.2328,-0.3086,-4.7077,9.489
1.100510,6.5233,0.9534,-1.9785,6.883
1.121055,5.7766,6.0188,-2.0011,8.579
1.141342,4.3770,8.6057,1.3022,9.742
1.160140,5.5364,12.8595,8.1213,16.186
1.182288,-2.8932,5.6770,5.2687,8.268
1.201266,-13.0510,-2.7066,0.1332,13.329
1.222478,-5.9261,-0.6666,2.4439,6.445
1.240761,0.9210,3.2506,1.4535,3.678
1.262756,2.6485,3.5588,-0.0171,4.436
1.280639,2.0675,1.2431,-2.2876,3.325
1.301483,-1.2599,-1.5568,-6.4364,6.741
1.320844,-2.1900,-4.0293,0.2102,4.591
1.343369,-0.4648,-5.3673,4.5012,7.020
1.360856,0.0734,-7.1291,-1.9017,7.379
1.381032,-0.2891,-8.9843,0.2043,8.991
1.400843,0.1796,-0.4203,4.9090,4.930
1.423412,-0.4973,1.7586,0.5660,1.913
1.441574,-1.1158,1.0306,-0.3423,1.557
1.463647,-0.9394,1.9890,0.9999,2.416
1.481328,-0.6474,2.0308,2.0967,2.990
1.502554,0.6102,0.8334,-0.3986,1.107
1.522532,0.9541,-0.0204,-1.2175,1.547
1.542501,0.2977,-0.5870,0.5400,0.851
1.564090,0.0603,-0.7603,0.4148,0.868
1.588677,-1.7840,6.1363,2.3237,6.800
1.603869,0.2086,6.3821,-1.3065,6.518
1.627724,2.4718,-2.5374,-0.0917,3.544
1.643278,-0.4089,-0.3990,2.6644,2.725
1.664912,-2.9842,8.3741,-0.2619,8.894
1.682687,-0.9127,4.2695,0.5853,4.405
1.704205,1.5686,-4.1606,5.4641,7.045
1.723295,0.6059,-6.9795,0.9440,7.069
1.743425,0.0135,-5.5809,-3.4783,6.576
1.763980,0.6983,-3.3067,1.2144,3.591
1.783327,3.8376,3.9563,-2.9583,6.255
1.803596,1.4151,0.8781,-4.7076,4.993
1.823573,-2.8556,-7.7502,-1.7252,8.438
1.843674,-1.6312,-2.7236,0.0568,3.175
1.863984,0.9938,2.0857,-0.4945,2.363
1.883887,0.8977,2.8044,1.5827,3.343
1.905717,-0.3387,2.5439,1.4364,2.941
1.924177,-0.6489,0.6960,0.0713,0.954
1.945049,-1.4571,-1.5527,4.4683,4.950
1.964072,-1.5202,-0.2982,5.8280,6.030
1.984651,-0.1808,3.5894,2.3110,4.273
2.003869,0.1927,2.1223,-0.6021,2.214
2.025022,-0.3384,-2.5085,-0.7669,2.645
2.044992,-1.2740,-4.4008,1.4641,4.810
2.065121,-1.6916,-2.4073,2.0938,3.611
2.085399,-1.5346,-1.2514,1.8332,2.698
2.105366,-1.8865,-0.0176,2.8272,3.399
2.125200,-0.6515,0.8576,2.3245,2.562
2.145403,1.8521,-4.6672,-0.2316,5.027
2.164927,2.3711,-7.4156,-2.0563,8.052
2.187089,2.9011,-0.3005,-3.7276,4.733
2.204905,4.3228,4.1194,-5.5918,8.181
2.225269,3.0546,4.0075,-4.4594,6.729
2.245229,-0.4013,4.0063,-0.0287,4.026
2.266011,-0.4933,4.5188,6.0354,7.556
2.285384,1.0827,1.3080,0.3745,1.739
2.305669,-0.9803,-3.4208,-7.9279,8.690
2.325406,-2.7526,-2.8581,-6.3214,7.464
2.345769,-2.7735,0.4711,-0.1757,2.819
2.366381,-2.7982,1.6436,1.6486,3.640
2.385466,-2.1094,-0.3592,-1.5969,2.670
2.407005,-1.9583,-2.7496,-1.3059,3.619
2.426269,-2.1615,-1.9836,1.9173,3.505
2.454074,-1.4661,-0.5909,3.2623,3.625
2.466127,2.8474,-0.7581,2.6359,3.953
2.486909,5.4211,1.0169,2.1360,5.915
2.506563,4.2583,2.8677,1.1437,5.260
2.526825,1.8330,0.8288,0.2611,2.028
2.546235,1.3205,-1.0220,2.0004,2.606
2.567598,-0.2761,0.2513,2.4011,2.430
2.585949,-2.5219,0.7532,1.2620,2.919
2.606982,-2.7952,0.3412,0.1665,2.821
2.626444,-2.4000,-1.5789,1.7277,3.352
2.646762,-2.5648,-2.2753,4.4028,5.580
2.670695,-2.7281,-1.9458,1.9497,3.877
2.700574,-2.7220,-2.1686,-0.2088,3.486
2.707291,-0.7492,-3.6120,0.7108,3.757
2.726960,0.7020,-5.2410,4.0042,6.633
2.747084,0.0767,-5.8702,6.5253,8.778
2.766866,-1.4804,-5.8099,4.6068,7.561
2.786979,-2.1071,-1.9152,2.7572,3.964
2.806988,-0.9353,2.2537,1.9386,3.116
2.827255,1.2975,0.9419,0.4761,1.673
2.847828,1.8659,-3.7019,-6.0320,7.319
2.867492,1.1511,-4.7820,-8.6364,9.939
2.887159,0.2606,-3.4251,-2.8607,4.470
2.907627,-0.3392,-2.5620,4.2555,4.979
2.927760,0.4239,-2.8554,-1.5868,3.294
2.951848,1.2079,-2.2246,-7.0339,7.476
2.982804,2.1085,1.4533,-5.7504,6.295
2.987705,-0.9991,2.5023,-6.3807,6.926
3.008210,-3.4975,2.3203,-5.8955,7.237
3.028237,-3.4526,2.5344,-6.5361,7.814
3.048384,-1.6843,5.3264,-5.2534,7.669
3.068535,-0.7792,6.2953,-4.2658,7.644
3.089059,-0.2275,5.5972,-3.6181,6.669
3.114483,0.1908,5.2772,-2.7842,5.970
3.129646,0.5905,4.9631,-1.3988,5.190
3.148830,1.4884,3.7932,-0.9162,4.177
3.168881,2.4529,0.4785,-0.5508,2.559
3.189075,3.2126,-5.4943,3.0993,7.079
3.209834,4.1893,-11.9845,7.5549,14.773
3.246251,1.4318,-8.8575,6.2583,10.939
3.250637,0.6258,-0.6362,3.6002,3.709
3.268955,1.5491,3.5810,0.6954,3.963
3.289362,1.2151,1.1360,-0.9092,1.896
3.309687,-1.2575,-3.3549,-3.9530,5.335
3.329732,-4.6342,-6.4496,-5.7498,9.805
3.349556,-2.6678,-2.3215,-2.9006,4.574
3.369612,1.6852,1.2462,-1.9285,2.848
3.389819,3.1951,2.7111,-0.9478,4.296
3.410859,3.6442,4.5840,1.1674,5.971
3.429907,4.2366,3.7044,-1.2249,5.759
3.453662,2.8848,1.9367,-3.8515,5.187
3.480507,0.1679,-0.6955,-3.1518,3.232
3.493549,-3.3831,-3.8542,-0.9893,5.223
3.511002,-5.0359,-3.0808,2.2736,6.326
3.533604,-2.2472,1.0589,2.6855,3.658
3.550556,1.3738,2.0123,-0.1430,2.441
3.580122,1.9930,0.6446,-1.6278,2.653
3.590804,1.0087,0.1813,-1.8159,2.085
3.612018,0.6002,0.5716,0.5020,0.969
3.630520,-0.1615,0.0099,3.0491,3.053
3.651428,-1.4008,0.2219,3.1630,3.466
3.670776,-0.7796,1.0473,-0.3739,1.358
3.693658,0.7689,0.9668,-1.4824,1.930
3.710879,0.1453,-0.0937,2.6141,2.620
3.733216,-2.0738,-0.3597,4.7876,5.230
3.751187,-2.9372,-0.8741,2.6997,4.084
3.772670,-3.3559,-1.9608,2.4083,4.572
3.791347,-5.1867,-3.4539,2.0568,6.562
3.812208,-5.0729,-3.8771,0.2552,6.390
3.841130,-3.1629,-5.7573,2.2409,6.941
3.852480,-1.2413,-4.7330,4.9677,6.973
3.872063,-0.0599,-3.5245,5.1391,6.232
3.892042,-0.3716,-2.8357,3.0911,4.211
3.911524,0.6417,-0.1715,-0.3412,0.747
3.932795,2.5741,0.5639,0.4150,2.668
3.959938,4.4191,-1.3230,-1.5587,4.869
3.972642,2.6794,-4.8316,-7.9180,9.655
3.992281,-0.5017,-4.6809,-6.1196,7.721
4.014618,-1.9244,-3.8204,-1.2120,4.446
4.033487,0.4543,-3.4369,0.8875,3.579
4.054738,2.5712,-0.8078,-1.3672,3.022
4.072697,1.0256,0.6037,-5.1258,5.262
4.093298,-0.8927,0.2880,-6.6692,6.735
4.112691,-2.0185,0.7530,-5.0838,5.521
4.133185,-2.0614,2.6214,-5.5118,6.442
4.153061,-1.1911,4.8731,-4.8190,6.956
4.175474,-0.7077,6.3289,-4.6247,7.870
4.193496,-0.8861,6.5894,-4.9384,8.282
4.220459,-1.2696,6.3045,-4.9156,8.095
4.233319,-1.3877,5.7505,-3.6374,6.944
4.255223,-1.4932,4.9828,-1.7182,5.478
4.274000,-0.7475,3.8387,-0.8939,4.012
4.296259,0.8325,1.1348,0.2225,1.425
4.315756,3.6543,-5.0989,3.1693,7.028
4.337137,5.7919,-16.8219,9.7372,20.281
4.356424,1.2514,-13.8305,7.3073,15.692
4.376539,0.5829,-2.0716,3.0063,3.697
4.395852,2.9263,4.1001,0.3446,5.049
4.416831,6.7157,1.5401,-0.0429,6.890
4.437448,2.8761,-7.4709,-8.3781,11.588
4.464990,-2.9677,-3.5969,-11.3017,12.226
4.476325,-1.5070,4.6383,-5.1421,7.087
4.497415,-1.9816,6.7045,-0.5900,7.016
4.516589,-2.2788,6.8467,3.4838,8.013
4.537191,-0.9568,1.2613,1.9930,2.545
4.557531,-2.1276,-6.0577,-4.7795,8.004
4.582271,-4.1422,-5.6259,-3.9512,8.026
4.596700,-2.5209,-1.1282,2.1712,3.513
4.617567,0.5010,2.4693,5.2845,5.854
4.637839,1.5236,2.6763,1.1744,3.296
4.660555,1.6640,1.2149,-2.1018,2.943
4.682720,2.0928,0.7586,-2.4263,3.293
4.698471,1.5608,1.7327,0.4941,2.384
4.716849,0.0500,1.0928,1.7353,2.051
4.737963,-0.7938,-0.4476,-1.1736,1.486
4.756515,-0.2456,-0.4571,-1.9803,2.047
4.778190,0.3088,-0.2557,1.4372,1.492
4.797727,0.0426,-0.2816,4.3064,4.316
4.819045,-1.3279,0.2003,4.5602,4.754
4.837063,-2.3279,-1.3652,3.1041,4.113
4.858909,-2.7837,-3.1173,1.9337,4.605
4.876354,-4.6980,-3.7878,1.3204,6.178
4.899307,-5.4355,-4.1248,0.9392,6.888
4.925631,-3.4306,-5.2971,3.6020,7.267
4.938042,-1.0304,-4.3382,4.2162,6.137
4.956815,0.3300,-3.4454,3.5495,4.958
4.978620,0.0885,-3.1645,3.1865,4.492
4.996168,0.3120,-0.1318,1.4269,1.467
5.018772,1.6480,0.5096,1.1760,2.088
5.044366,3.5810,-1.7527,-0.3160,3.999
5.061287,3.4214,-2.9479,-6.8210,8.181
5.077496,3.1839,-3.3231,-8.4460,9.618
5.103026,1.7633,-2.7826,-4.0966,5.257
5.118671,0.3171,-2.1049,5.4265,5.829
5.144371,0.2720,-1.7015,0.6833,1.854
5.157532,0.1429,0.2751,-5.0013,5.011
5.180218,-0.8922,0.9460,-5.8573,6.000
5.197380,-2.4768,1.2198,-6.7471,7.290
5.220783,-3.4583,1.7605,-7.7902,8.703
5.244651,-2.6410,3.7646,-5.7873,7.392
5.259903,-1.0451,5.9109,-4.6357,7.584
5.280715,-0.4714,6.7006,-4.5919,8.137
5.299903,-0.7953,6.5908,-3.9665,7.733
5.320532,-1.5518,5.4682,-2.2012,6.095
5.339934,-1.7962,4.2317,0.2568,4.604
5.360841,-0.6751,2.4941,1.7152,3.101
5.379991,2.0514,-1.8095,2.0418,3.413
5.400453,7.0612,-10.7626,7.1927,14.745
5.420614,5.3290,-17.7337,7.9681,20.159
5.440404,-0.7017,-4.5059,4.7067,6.554
5.460503,1.0648,8.0618,1.9662,8.366
5.488638,4.9772,5.6493,-2.2221,7.850
5.501787,4.9665,-3.2988,-6.9048,9.123
5.521328,-0.6505,-8.4360,-13.1837,15.665
5.540731,-2.2772,-2.2299,-9.0906,9.633
5.560602,-1.6239,0.1146,-0.8986,1.860
5.582238,-3.7814,1.0647,2.6184,4.721
5.610296,-2.8520,4.4274,6.0587,8.028
5.620500,1.7950,4.1029,-1.3851,4.688
5.640995,3.5615,0.5263,-7.0368,7.904
5.661802,1.2273,-2.9891,-4.6119,5.631
5.682426,-1.8315,-2.1509,2.7184,3.921
5.700659,-2.8142,1.6426,6.4076,7.189
5.722933,-0.6040,2.2841,1.9660,3.074
5.741364,0.9870,1.2267,-2.9381,3.333
5.761246,0.6242,1.1109,-2.1390,2.490
5.782402,-1.0559,0.6157,0.0177,1.222
5.803890,-2.0406,-0.1957,-0.1902,2.059
5.825283,-1.2036,-0.7145,-0.3935,1.454
5.857128,1.3475,-0.5547,3.3398,3.644
5.862749,2.0754,0.4963,7.0548,7.370
5.887535,0.0518,0.0852,4.4125,4.414
5.904549,-2.2576,-1.3662,-0.3275,2.659
5.923942,-4.8452,-2.5349,0.5979,5.501
5.941469,-6.9926,-3.2389,1.6157,7.874
5.972532,-5.4104,-4.8555,0.9718,7.334
5.983981,-2.6147,-6.2314,2.2721,7.130
6.007040,0.5281,-4.7756,4.1411,6.343
6.022049,0.5992,-3.7837,4.3237,5.777
6.044045,0.6742,-2.1362,1.9641,2.979
6.061382,1.8041,0.2133,0.4702,1.877
6.084047,3.9347,0.3319,1.3866,4.185
6.102610,4.8326,-1.8964,-2.3677,5.706
6.121384,2.4231,-4.3173,-5.6737,7.530
6.143271,-0.5463,-4.9112,-7.9583,9.368
6.162168,-1.9781,-3.3549,-0.5881,3.939
6.187082,0.2541,-1.0401,-0.9122,1.407
6.217272,1.4680,0.1995,-2.8431,3.206
6.222983,0.2958,0.5861,-3.9222,3.977
6.242816,-1.2232,0.0584,-4.2673,4.440
6.264251,-1.8111,1.1851,-4.1965,4.722
6.282805,-1.7230,2.7192,-6.1721,6.961
6.303096,-1.4764,4.0831,-5.6704,7.142
6.323859,-1.3997,5.2821,-5.4255,7.700
6.343746,-1.2705,6.0370,-5.0118,7.948
6.366291,-1.6079,6.0837,-4.2296,7.582
6.384170,-1.8768,5.9937,-2.9304,6.931
6.403969,-1.5390,5.4225,-2.0952,6.014
6.423391,-0.5969,3.6329,-1.6466,4.033
6.444653,1.7307,0.1430,1.2877,2.162
6.464890,5.8250,-7.9817,7.7145,12.536
6.484119,5.2620,-18.2623,8.8047,20.946
6.504120,0.1205,-8.8733,5.4784,10.429
6.524488,0.4665,4.1335,2.1792,4.696
6.544566,3.8359,4.8495,-1.1203,6.284
6.566659,6.9366,-5.2069,-3.8931,9.507
6.584715,1.5421,-12.7856,-13.2752,18.495
6.603503,-2.5180,0.8407,-9.3609,9.730
6.625695,-1.4112,5.7275,-0.4162,5.913
6.644068,-3.6976,4.8425,1.7532,6.340
6.665874,-2.7224,5.2779,6.6538,8.919
6.683990,-0.8640,1.8752,0.8319,2.226
6.714480,-1.8078,-3.5542,-5.9094,7.129
6.726135,-2.9466,-5.2054,-4.5123,7.493
6.746784,-1.7908,-1.7547,0.0360,2.507
6.764871,-0.4316,1.7703,2.7236,3.277
6.786809,-0.0732,1.9420,0.8125,2.106
6.809938,0.8962,1.2169,-0.5403,1.605
6.824177,1.5599,0.1463,-0.6414,1.693
6.844514,1.7084,0.2919,0.1512,1.740
6.865440,0.9819,0.0189,1.4671,1.765
6.884950,0.1635,-0.6669,0.7947,1.050
6.907569,0.0297,-0.3285,-0.6994,0.773
6.928087,0.4013,0.4977,-0.5004,0.812
6.944839,0.2733,0.3772,1.5112,1.581
6.965903,-1.2358,0.0151,3.0264,3.269
6.987926,-2.8454,0.2922,3.3371,4.395
7.006299,-3.1705,-0.0843,3.0654,4.411
7.026022,-2.4888,-1.1151,1.8593,3.301
7.045997,-2.9008,-1.5377,0.9864,3.428
7.068497,-3.2563,-2.8569,0.4236,4.353
7.092076,-3.2156,-5.7475,1.3312,6.719
7.105816,-1.4485,-4.0757,4.5028,6.244
7.126865,0.1469,-4.4473,4.6558,6.440
7.145960,-0.9174,-5.0272,2.9910,5.921
7.166111,-0.1469,-1.1505,1.9473,2.267
7.187830,1.4930,2.7489,0.4654,3.163
7.206571,2.5288,3.0416,-0.3850,3.974
7.226297,3.0156,-1.5959,-1.5488,3.747
7.247452,2.6193,-5.7453,-2.5976,6.828
7.266537,0.3166,-5.6450,-3.7653,6.793
7.287119,-0.7486,-3.4640,-4.7088,5.893
7.307687,0.7369,-0.6195,-1.9578,2.182
7.326941,1.1246,-0.4449,-3.2623,3.479
7.347104,0.2395,-0.4174,-3.9222,3.952
7.367163,-1.4056,0.2286,-4.9300,5.132
7.387739,-2.2955,1.5439,-4.7165,5.468
7.406964,-1.8125,2.9667,-4.4936,5.681
7.426850,-1.0093,4.2677,-4.5001,6.284
7.446778,-0.8885,5.3770,-4.9114,7.336
7.467836,-0.9589,5.6720,-4.6811,7.416
7.493184,-1.1551,5.3477,-3.8987,6.718
7.523192,-1.1520,5.3690,-2.7618,6.147
7.528180,-0.5394,4.9270,-1.7442,5.254
7.547551,0.0725,3.9780,-1.0342,4.111
7.567557,0.1785,0.6897,0.7484,1.033
7.590618,2.0118,-8.3060,8.5939,12.120
7.621610,1.1417,-18.3634,11.2639,21.573
7.627575,-0.4712,-8.4458,4.7487,9.701
7.647888,1.9529,1.9116,0.9602,2.897
7.668013,6.4634,4.0197,0.0215,7.611
7.687914,9.6812,-4.2286,-5.9571,12.128
7.708903,3.2727,-8.2904,-14.1562,16.728
7.736352,-1.2251,2.6189,-7.5171,8.054
7.748584,-1.5640,4.8984,-0.1037,5.143
7.769152,-3.7815,3.3773,3.3978,6.103
7.788809,-1.6223,3.5019,7.9663,8.852
7.808690,-1.5710,-0.2203,-1.8681,2.451
7.829321,-3.2803,-3.6060,-8.8180,10.076
7.849422,-2.7707,-3.3985,-5.7324,7.217
7.869028,-0.5996,0.0757,0.5064,0.788
7.890208,-0.4690,1.5404,4.5623,4.838
7.909299,-0.2529,0.8331,3.2500,3.365
7.929322,0.4251,-0.0799,0.4851,0.650
7.953440,0.7131,-0.0860,0.1303,0.730
7.981483,0.9108,0.8533,1.0750,1.647
7.989388,0.2863,0.7735,2.1484,2.301
8.009683,-0.7121,-0.2326,0.9214,1.188
8.029578,-0.9111,-0.4038,-1.7184,1.986
8.049070,-0.0826,1.3043,-2.0403,2.423
8.069221,0.2089,1.3582,1.9461,2.382
8.090247,-0.4335,-1.1798,6.3888,6.511
8.109992,-1.9781,-2.2052,5.7519,6.470
8.132632,-3.2149,-2.4267,2.2565,4.617
8.149766,-4.2116,-3.1953,0.2910,5.295
8.171822,-5.1889,-3.8945,-0.0115,6.488
8.190370,-4.2223,-5.1155,1.0437,6.715
8.213264,-1.4887,-4.6482,4.3915,6.566
8.231302,1.4570,-3.6609,5.3941,6.680
8.251884,0.8249,-2.0360,4.1687,4.712
8.270574,0.2656,0.7071,0.9221,1.192
8.291720,1.0976,1.8777,0.0296,2.175
8.310772,2.9591,0.2572,-0.1876,2.976
8.333875,2.8300,-4.3455,-2.8947,5.939
8.351317,0.6515,-5.6580,-5.8341,8.153
8.383546,-2.1734,-4.1643,-4.9664,6.836
8.390572,-0.9256,-1.7751,-1.2111,2.340
8.413751,1.6214,-0.3700,-2.6711,3.146
8.431621,1.4331,0.9952,-3.5761,3.979
8.453840,-0.7982,1.1543,-3.1843,3.480
8.472318,-2.4947,1.0475,-2.7349,3.847
8.497727,-2.4355,1.8753,-4.4270,5.389
8.511330,-1.5787,2.8759,-5.0395,6.013
8.533182,-1.0525,4.5791,-4.8131,6.726
8.551594,-1.0051,5.6332,-4.4474,7.247
8.573553,-1.0817,5.7017,-3.8357,6.956
8.594330,-1.1351,5.5946,-3.1046,6.498
8.613105,-0.7557,5.4297,-1.8805,5.796
8.632034,0.2558,4.3861,-1.1351,4.538
8.653743,1.6394,2.8257,-0.3223,3.283
8.672818,2.1058,-2.2588,2.3267,3.867
8.698063,3.2823,-11.8876,7.8415,14.614
8.728287,1.1641,-15.9513,9.9694,18.846
8.733642,0.4469,-5.0008,5.3815,7.360
8.753255,5.0930,4.0819,-0.4983,6.546
8.774172,8.3475,0.0870,-3.0529,8.889
8.793378,4.9302,-9.0977,-10.1984,14.529
8.814035,-0.2984,-2.0282,-11.0305,11.219
8.848011,-0.8298,5.5530,-1.6293,5.846
8.855714,-2.5343,5.6220,1.5956,6.370
8.877440,-2.4220,6.0289,3.3898,7.328
8.894265,-0.7088,0.8987,-0.4940,1.247
8.913956,-1.9867,-5.2871,-7.5494,9.428
8.936945,-4.3276,-4.4411,-4.0277,7.394
8.953469,-3.2085,-0.5123,2.8426,4.317
8.978249,-0.8467,1.8825,3.5671,4.121
8.996552,0.7469,1.7548,0.4255,1.954
9.016671,1.0254,0.7241,-0.5355,1.365
9.035105,1.1142,0.3571,-0.6334,1.330
9.056756,1.4136,1.1155,1.6126,2.417
9.076039,1.1641,1.0047,1.6949,2.289
9.096831,0.4247,0.2084,-0.5454,0.722
9.116051,0.0275,-0.5768,-1.5694,1.672
9.135783,0.0300,-1.3951,0.5024,1.483
9.158587,-0.5831,-1.1407,3.6648,3.882
9.189016,-1.5464,-0.3727,5.2006,5.438
9.196330,-2.0613,-0.0359,4.5045,4.954
9.218200,-3.0673,-1.0201,2.6802,4.199
9.236324,-5.2593,-4.1297,-0.0959,6.688
9.257220,-4.7811,-4.2924,0.1538,6.427
9.278065,-1.2100,-2.9901,3.9327,5.086
9.297542,1.7040,-2.4425,5.0037,5.823
9.317371,1.8506,-4.1327,3.3877,5.655
9.344155,0.3952,-3.1404,2.5910,4.090
9.356398,-1.3814,-0.0554,0.6553,1.530
9.378612,0.1423,1.4011,-0.6669,1.558
9.398063,3.6886,-0.5859,-0.7487,3.809
9.424331,5.0818,-3.5160,-3.4339,7.070
9.458573,4.1623,-3.4865,-5.5122,7.737
9.458886,2.0042,-2.4801,-3.6677,4.860
9.477307,0.1658,-1.5653,0.8071,1.769
9.501515,0.5684,-0.7881,0.4156,1.057
9.517225,0.9693,0.5687,-3.5486,3.722
9.538400,0.2028,0.8658,-5.5366,5.608
9.567732,-1.4873,0.6131,-3.9609,4.275
9.578920,-2.9132,1.5318,-4.6231,5.675
9.597005,-2.0795,2.7700,-5.1888,6.239
9.619363,-1.2153,4.0288,-4.2169,5.957
9.636998,-0.9597,5.5515,-3.6929,6.736
9.659479,-1.2769,6.1049,-2.6797,6.788
9.676986,-2.0370,6.0683,-1.6838,6.619
9.701246,-1.5499,5.8017,-1.4222,6.171
9.716894,0.0161,4.2976,-0.7942,4.370
9.738457,1.0622,1.8541,1.8369,2.818
9.757429,2.4890,-3.0944,5.6914,6.940
9.780802,2.4746,-16.0258,12.3248,20.368
9.797609,-0.3141,-14.2387,6.0415,15.471
9.820364,0.5553,3.4325,1.9817,4.002
9.838223,3.8629,8.7256,-0.6654,9.566
9.860387,7.7982,-1.6149,-3.8113,8.829
9.878434,4.1696,-12.7123,-11.1709,17.429
9.900670,-1.4969,-3.3541,-11.6485,12.214
9.921047,1.2166,4.4822,-1.4513,4.866
9.939300,0.7824,2.4245,-0.9704,2.726
9.960952,-1.8100,2.7995,7.6047,8.303
9.983983,-0.0227,4.3087,6.3915,7.708
10.013644,0.8721,-0.4137,-5.4985,5.583
10.020820,-2.8283,-4.8482,-9.6430,11.158
10.041747,-4.5162,-3.4301,-2.7227,6.291
10.061282,-2.9673,1.5418,4.5069,5.612
10.080877,-0.5374,3.1836,0.0654,3.229
10.100859,0.9813,0.9766,-0.8039,1.601
10.121198,1.5262,-0.7219,1.5884,2.318
10.144749,1.1541,0.3771,0.9273,1.528
10.162557,0.6890,0.5834,1.7559,1.974
10.181270,0.0261,0.1796,0.8163,0.836
10.204166,-0.2003,0.4371,-1.4356,1.514
10.219872,0.3750,1.0359,-1.1607,1.600
10.243931,0.7463,0.3448,1.3387,1.571
10.265495,-0.4431,-0.3126,3.3505,3.394
10.281971,-1.8689,-0.1742,3.5891,4.050
10.303224,-1.9745,-0.0515,3.9606,4.426
10.324048,-2.7515,-1.3765,2.7605,4.134
10.340386,-4.4358,-3.4548,-0.1227,5.624
10.362450,-4.1208,-3.8779,0.0860,5.659
10.382678,-1.6768,-5.4602,2.1123,6.090
10.401733,1.0445,-4.6301,4.4789,6.526
10.422842,1.0735,-2.3251,5.8017,6.342
10.441447,-0.6245,-2.2265,3.6433,4.315
10.462419,-0.6089,-1.3521,0.5079,1.567
10.484075,0.9108,1.0115,0.1114,1.366
10.508154,2.7239,0.2675,-0.2907,2.752
10.522405,2.5250,-3.5279,-3.2141,5.399
10.541701,1.6050,-4.2272,-4.0222,6.052
10.561482,-0.3460,-4.5133,-5.5649,7.173
10.583165,-0.4444,-2.6924,-0.0887,2.730
10.601343,2.1559,-0.4988,-0.6164,2.297
10.623351,1.8078,0.6589,-3.7075,4.177
10.640563,-0.2159,0.7655,-5.2862,5.346
10.662596,-1.6595,0.8352,-3.5679,4.023
10.681094,-2.4177,1.7838,-4.9930,5.827
10.703687,-1.5565,3.3344,-4.7411,6.002
10.721934,-0.6557,4.5826,-4.0504,6.151
10.742669,-0.5101,5.1950,-4.6707,7.005
10.762162,-0.8430,5.3686,-4.3421,6.956
10.783328,-1.5028,5.0611,-3.5166,6.343
10.803544,-1.8931,4.8427,-1.8180,5.508
10.824127,-1.1575,4.1342,-0.9981,4.408
10.844417,0.4643,2.7682,-0.7772,2.913
10.864203,2.2378,-0.8284,2.7827,3.666
10.884836,5.1617,-10.3063,10.4874,15.584
10.903296,0.9849,-17.6100,9.3279,19.952
10.923170,0.7650,-5.3819,4.0642,6.787
10.944715,3.5562,6.1122,-0.9036,7.129
10.971820,6.0362,4.3541,-2.6391,7.897
10.984117,3.6119,-6.3387,-8.4445,11.160
11.002975,-2.3559,-9.2241,-11.3297,14.799
11.022302,-1.7061,0.5958,-4.6270,4.967
11.043055,-1.2564,3.3612,2.0558,4.135
11.065813,-2.3175,5.7668,5.9063,8.574
11.084214,0.7401,6.3074,3.3665,7.188
11.104498,2.5321,1.3721,-6.6205,7.220
11.124650,-0.8716,-3.7331,-8.9795,9.764
11.143976,-3.9679,-4.3134,-3.6774,6.919
11.164709,-3.6362,-0.9460,4.2547,5.676
11.183965,-2.4194,1.1568,4.7440,5.449
11.204254,0.2493,0.6836,-0.3595,0.812
11.223458,1.6158,0.1260,-1.1485,1.986
11.253910,1.4277,0.5888,0.0615,1.546
11.264804,0.7519,0.8706,0.9926,1.519
11.286210,-0.0294,0.1580,0.7783,0.795
11.306169,-0.6399,-0.2835,-0.0545,0.702
11.326528,-0.4425,-0.2862,-0.5721,0.778
11.344149,0.5154,0.5328,0.7109,1.027
11.369077,0.3294,1.0474,2.7306,2.943
11.386152,-1.3465,0.7074,4.0199,4.298
11.405902,-2.5111,-0.2428,3.7055,4.483
11.426684,-2.9376,-1.9363,2.3418,4.226
11.444903,-3.9832,-3.0565,1.2516,5.174
11.471097,-4.2827,-3.1745,0.6834,5.375
11.502373,-2.9774,-4.3631,1.5642,5.509
11.505739,-1.1127,-4.4375,4.2457,6.241
11.525694,0.5231,-4.2811,4.6864,6.369
11.545170,-0.4052,-4.0768,3.1117,5.145
11.565076,0.0179,-1.3998,0.9576,1.696
11.587618,1.3120,1.4152,0.0447,1.930
11.605252,2.0717,1.6074,-1.3646,2.956
11.626926,3.1486,-1.7614,-3.3235,4.905
11.649366,2.2676,-4.3967,-3.7094,6.183
11.665638,-0.3896,-4.1629,-5.5991,6.988
11.685399,-1.7680,-3.0850,-1.8289,3.999
11.705848,0.3218,-1.5414,0.3911,1.623
11.726163,0.5551,-0.4175,-3.7039,3.768
11.745808,-0.2953,0.2622,-4.4646,4.482
11.766058,-1.5253,0.5233,-4.5334,4.812
11.787714,-2.1590,1.7636,-3.8682,4.768
11.806748,-1.4465,3.5864,-4.2318,5.733
11.828737,-0.2788,5.0821,-4.0458,6.502
11.846513,0.1723,5.8651,-4.1861,7.208
11.865988,-0.0267,5.8943,-3.9404,7.090
11.897699,-0.5286,5.2983,-3.7592,6.518
11.906911,-0.6145,5.2967,-3.3831,6.315
11.926575,0.1863,5.1318,-2.1846,5.581
11.946433,1.0911,3.5689,-1.0136,3.867
11.966094,1.0604,0.3892,1.1874,1.639
11.986881,2.1840,-9.0153,9.1600,13.037
12.007077,0.8892,-23.2131,11.5995,25.965
12.027508,0.9608,-11.4720,5.3292,12.686
12.046537,4.3809,3.9933,1.5978,6.139
12.067128,5.9139,0.8767,-2.0945,6.335
12.087506,1.7622,-4.8029,-12.0713,13.111
12.107286,-0.0436,0.2749,-12.7059,12.709
12.127223,0.6516,5.8030,-2.4803,6.344
12.147313,-0.6831,5.4634,1.1156,5.618
12.167467,-2.9311,5.3210,6.4245,8.842
12.188038,-2.6528,1.3244,3.9023,4.901
12.207524,-1.8248,-5.7050,-5.6245,8.217
12.227488,-3.1798,-4.9936,-5.8980,8.357
12.247785,-3.0178,0.1316,-0.9320,3.161
12.267694,-0.9984,2.4511,0.4533,2.685
12.293599,0.1909,2.2044,-1.6553,2.763
12.308689,0.3153,0.4490,-1.9721,2.047
12.329150,-0.1500,-1.1426,-0.4804,1.249
12.348673,0.3022,-0.6273,1.8980,2.022
12.369008,0.9207,0.8407,3.0753,3.318
12.390659,0.5173,1.0943,1.7152,2.099
12.408551,0.1967,0.5985,-0.7005,0.942
12.429995,0.5608,0.6296,-2.1985,2.355
12.449907,0.8000,0.6370,-1.7106,1.993
12.469532,0.7719,0.1997,0.7628,1.103
12.491194,0.1161,-0.2575,2.9888,3.002
12.509378,-0.8156,0.0353,3.5523,3.645
12.529654,-1.5661,0.2920,3.2044,3.579
12.549785,-1.8480,-0.9689,1.6421,2.655
12.569548,-1.7685,-1.4407,0.0912,2.283
12.589723,-2.9500,-1.5257,0.6444,3.383
12.609813,-3.7332,-3.0986,0.7460,4.909
12.630548,-4.0887,-5.4333,-0.2306,6.804
12.659049,-2.6808,-5.5060,1.3336,6.268
12.669586,0.4272,-5.1696,3.1846,6.087
12.690775,0.6030,-4.9820,3.5185,6.129
12.710611,0.2882,-2.7127,3.2799,4.266
12.730183,0.0057,1.1439,1.8788,2.200
12.749774,-0.3577,3.7635,1.4882,4.063
12.771172,0.3352,3.1457,-0.3270,3.180
12.790381,0.7087,-2.4250,-2.8680,3.822
12.812129,-0.8221,-5.0930,-3.1069,6.022
12.830560,-1.9395,-3.4343,-1.6305,4.268
12.854041,-1.4932,-3.8572,-4.1470,5.857
12.873014,0.0087,-2.4411,-3.6455,4.387
12.894380,-0.1521,-1.0431,-1.2343,1.623
12.922090,-2.2855,-1.3794,-2.6897,3.790
12.931600,-3.3548,-0.8942,-4.4682,5.659
12.951069,-2.8265,0.4410,-4.5208,5.350
12.973784,-1.9837,2.4279,-4.6284,5.590
12.991499,-1.1072,4.6049,-5.6922,7.405
13.013345,-0.5997,5.2780,-6.0054,8.018
13.036115,-0.4219,4.8602,-5.4432,7.309
13.053152,-1.1695,4.2989,-5.5186,7.093
13.071242,-2.2019,3.0769,-5.4657,6.648
13.093903,-3.5869,1.1290,-5.0528,6.299
13.111370,-3.5922,-0.5062,-4.3732,5.682
13.134368,-1.5242,-3.4791,-2.5900,4.597
13.152375,0.1860,-7.6403,0.2355,7.646
13.174599,3.5927,-6.9594,3.2095,8.464
13.192499,7.6624,-2.4297,-2.4451,8.402
13.221253,10.5751,2.1103,-7.3779,13.066
13.248521,10.0818,0.7403,-8.6774,13.322
13.253247,5.7120,-1.2494,-4.3477,7.286
13.272284,2.0030,-1.8454,-1.7918,3.260
13.294143,-3.4229,-4.5240,-0.0345,5.673
13.313412,-10.1282,-4.8353,1.7760,11.363
13.334076,-10.1541,0.9517,3.6905,10.846
13.352468,-4.7531,2.6236,3.4300,6.422
13.373388,-0.0778,-0.4585,0.4944,0.679
13.393119,2.5998,-1.7208,-1.7665,3.583
13.413422,2.6124,-1.5064,0.6788,3.091
13.433064,0.8918,-0.9463,4.6398,4.819
13.453510,-0.2056,-0.1033,3.0572,3.066
13.473057,-0.8196,0.8408,-0.5397,1.292
13.493887,-1.7456,1.6233,-4.1574,4.792
13.513040,-0.5283,0.9951,-4.6990,4.832
13.536211,0.9836,0.3366,-1.5219,1.843
13.553766,1.0680,0.1104,1.2759,1.668
13.578383,0.8438,-0.3143,1.2888,1.572
13.593263,0.2744,-0.6969,1.0541,1.293
13.614302,-0.2912,-0.7208,2.5242,2.641
13.633486,-0.4305,-0.6827,2.6704,2.790
13.656574,-1.0379,-0.6490,1.3309,1.808
13.675604,-1.7819,-0.5977,0.5928,1.971
13.699147,-2.1969,-0.6566,0.5015,2.347
13.716002,-2.3748,-0.6820,0.1205,2.474
13.739985,-2.4175,-0.4778,-0.0133,2.464
13.757045,-2.3794,-0.1712,0.6395,2.470
13.777290,-2.3992,-0.1908,1.5503,2.863
13.797187,-1.8497,-0.2557,2.1498,2.848
13.820119,-1.2564,-0.6221,1.8716,2.338
13.844600,-1.0923,-1.8452,2.9758,3.668
13.856400,-2.5377,-2.7684,4.7277,6.038
13.875645,-3.5052,-3.9549,-0.5517,5.313
13.897878,0.6154,-3.2416,-5.7525,6.632
13.917457,4.0758,-0.1865,-1.9284,4.513
13.938166,4.3647,1.8094,5.6010,7.328
13.959748,3.8795,-0.8840,9.0764,9.910
13.977897,4.8344,-3.7968,5.1734,8.034
13.997499,5.7751,-5.8625,-1.7835,8.420
14.017976,0.1568,-3.8601,-9.9885,10.710
14.037417,-5.4912,-2.5813,-4.9566,7.835
14.060227,-6.0104,-3.4915,-0.7297,6.989
14.077465,-1.6987,-1.4280,-5.4475,5.882
14.099196,1.4762,1.4764,-6.3481,6.683
14.118492,1.8768,3.7010,-2.6605,4.929
14.139054,0.6689,3.7576,-1.9834,4.301
14.157882,-0.2682,3.1093,-3.3107,4.550
14.181313,-0.6019,3.4560,-4.3683,5.603
14.199361,-0.2230,4.5737,-4.2804,6.268
14.225061,0.5825,4.9493,-3.5107,6.096
14.237422,0.9284,4.7710,-2.8197,5.619
14.256159,0.6416,4.8539,-1.6665,5.172
14.278155,-0.1404,4.5007,0.5357,4.535
14.299478,-0.0460,2.9549,1.9763,3.555
14.316563,2.8993,0.6738,1.6437,3.400
14.340192,6.7392,-1.2412,2.3286,7.237
14.357115,4.1636,-7.4335,5.6891,10.245
14.380678,-5.4830,-12.9978,5.2524,15.053
14.397621,-4.1172,-2.1106,2.2607,5.149
14.420069,3.0657,5.0969,2.0678,6.297
14.436935,3.9969,0.6202,1.3194,4.254
14.460295,2.5827,-9.1297,-3.6880,10.180
14.484774,-0.6140,-11.6021,-10.0350,15.352
14.500612,-0.3922,2.2187,-5.3377,5.794
14.517276,2.0713,6.1763,1.7840,6.754
14.540278,1.9221,7.7015,3.1171,8.528
14.557185,2.6903,7.7316,3.1417,8.768
14.580193,3.0914,2.0672,-1.0204,3.856
14.603617,-0.0441,-6.6707,-4.5428,8.071
14.620862,-2.7818,-7.3552,-3.4011,8.568
14.641326,-3.0490,-1.2812,0.0302,3.307
14.660743,-1.3474,2.8273,2.6302,4.090
14.681198,-0.5443,2.7092,-1.7987,3.297
14.701538,0.4807,1.4113,-5.9500,6.134
14.722989,1.4638,-0.2465,-2.8058,3.174
14.741052,1.2694,-0.9830,1.5767,2.250
14.760953,1.4122,-0.4270,3.9169,4.186
14.784018,1.9149,0.2080,5.4113,5.744
14.804702,1.4718,0.3483,2.2974,2.750
14.821886,1.0243,1.0595,-3.6172,3.906
14.844362,1.2976,1.0606,-4.8572,5.138
14.860004,1.2101,-0.1660,-0.2622,1.249
14.884712,-0.3887,-0.2482,5.7998,5.818
14.902573,-3.2440,0.2215,6.9397,7.664
14.921156,-3.3297,-0.6502,1.4665,3.696
14.939890,-1.5821,-1.2162,-0.2384,2.010
14.963405,-1.5235,-1.6270,1.5286,2.703
14.984299,-1.9618,-2.8509,1.3109,3.701
15.001991,-0.6446,-4.0111,1.6687,4.392
15.022227,1.9802,-3.7753,3.8366,5.735
15.043272,2.7127,-3.3567,5.3971,6.911
15.060290,0.3463,-4.3409,3.3392,5.488
15.087062,-0.6202,-1.4759,-0.2506,1.620
15.117463,1.2154,1.4170,0.1073,1.870
15.122534,2.0033,-0.5063,-1.7282,2.694
15.140365,3.2284,-5.2220,-3.0848,6.871
15.164006,2.1615,-6.3951,-5.5500,8.739
15.181011,-0.3422,-4.4643,-3.9681,5.983
15.206381,0.0030,-2.5591,0.1526,2.564
15.225341,2.9343,-1.9184,-2.9431,4.577
15.247716,2.5563,-0.9414,-6.2731,6.839
15.263590,-0.7728,-0.3146,-5.1797,5.247
15.281343,-2.4654,1.1567,-5.3435,5.997
15.306334,-2.4390,4.2199,-4.2672,6.478
15.323758,-1.1585,6.5729,-4.8456,8.248
15.344342,-0.5025,6.8427,-5.1619,8.586
15.360853,-0.3858,5.3966,-5.3999,7.644
15.382682,-1.2790,3.8728,-5.2554,6.652
15.401193,-1.5642,3.6382,-4.2755,5.828
15.422897,-0.6712,4.2151,-2.7639,5.085
15.443849,0.3721,4.1529,-1.9031,4.583
15.464410,1.0651,3.3539,-1.0976,3.686
15.482766,1.8545,0.2250,0.4345,1.918
15.505485,3.2492,-8.3985,4.0345,9.868
15.524666,5.7249,-18.1965,10.0151,21.545
15.545030,4.5767,-10.4461,6.3744,13.065
15.563999,1.6413,2.2956,-0.1728,2.827
15.583015,4.1348,6.6263,-0.5498,7.830
15.611872,7.2291,-5.1831,-2.8002,9.326
15.623802,-1.3990,-12.7808,-8.7801,15.569
15.643792,-5.2628,0.6486,-3.6420,6.433
15.663028,-2.8512,4.4978,1.3647,5.497
15.684403,-2.0894,7.1692,1.7872,7.678
15.703443,1.0756,8.5741,-1.4187,8.757
15.723440,2.4770,1.5768,-9.0441,9.509
15.746199,-0.5492,-4.9064,-8.2405,9.606
15.763309,-4.1154,-4.3077,-2.2952,6.384
15.784845,-4.3421,-1.0898,2.4307,5.094
15.805181,-1.7350,1.2174,2.2635,3.101
15.825561,1.0856,2.2305,-0.9754,2.666
15.844833,1.8638,1.3326,-1.2236,2.597
15.864089,1.4370,-0.0752,-0.7294,1.613
15.884704,1.8544,-0.0665,0.4858,1.918
15.904405,1.9566,0.4919,1.7700,2.684
15.927632,0.8715,0.4347,1.5960,1.870
15.960270,-0.0377,0.6640,0.7692,1.017
15.964320,-0.3877,0.1082,-1.2105,1.276
15.983324,-0.2864,-0.5179,-1.8679,1.959
16.005502,-0.2312,-1.4214,1.6217,2.169
16.023404,-0.2677,-0.7434,7.0825,7.126
16.045616,-1.0584,0.5023,8.3467,8.429
16.073605,-1.9881,-1.2094,2.1939,3.198
16.085386,-3.7781,-3.3102,-3.8965,6.357
16.105634,-4.6941,-4.3874,-0.0473,6.425
16.124428,-3.2563,-5.2084,4.6392,7.698
16.144622,-0.6252,-3.9165,5.4826,6.767
16.173207,0.3690,-3.2559,4.3935,5.481
16.186051,0.1370,-2.4628,2.0363,3.199
16.205870,0.4215,-0.1791,0.0862,0.466
16.224678,2.3256,0.0717,-0.3071,2.347
16.246131,4.4246,-2.1918,-3.6069,6.115
16.265116,4.3057,-3.8673,-6.2915,8.549
16.285652,2.7998,-3.2415,-6.2972,7.616
16.305188,0.1526,-3.8104,-0.1898,3.818
16.325181,0.4928,-4.0283,1.8783,4.472
16.345361,2.2416,-2.2178,-3.0506,4.387
16.367842,1.5040,0.6698,-6.1274,6.345
16.385722,-1.5365,0.5081,-6.5703,6.767
16.407215,-3.0548,0.5013,-3.8790,4.963
16.425742,-1.4523,2.9887,-5.5427,6.462
16.447345,-0.5983,5.4192,-5.7640,7.934
16.465921,-0.8509,6.5484,-4.8737,8.207
16.490452,-0.7750,6.8472,-4.0785,8.007
16.520845,-1.2378,5.8687,-3.4745,6.932
16.526329,-2.2872,4.9611,-2.6089,6.054
16.546441,-2.2424,4.3133,-1.2812,5.027
16.566223,-1.0027,3.3353,0.5352,3.524
16.586079,0.8267,1.0545,0.6424,1.486
16.607676,3.2342,-4.9103,-1.0387,5.971
16.627772,6.7675,-11.2111,2.2850,13.293
16.647568,5.4200,-11.1977,5.7409,13.701
16.668514,1.3589,-1.9330,3.4252,4.161
16.687031,2.2493,3.2250,0.6809,3.990
16.708040,6.6424,0.0022,-0.8034,6.691
16.727459,5.8156,-9.5798,-1.8740,11.362
16.747827,-2.1787,-9.7413,-5.5277,11.410
16.767486,-2.0940,2.7308,-4.9561,6.034
16.787526,0.4079,5.4637,-3.6925,6.607
16.807284,-1.4406,6.2694,-2.3560,6.851
16.827175,-1.1013,7.3925,1.3112,7.588
16.847268,0.9151,2.4025,-1.6528,3.056
16.867328,-1.4679,-4.7345,-8.0463,9.451
16.887526,-4.5350,-6.1329,-5.0524,9.149
16.915684,-3.0894,-1.7831,2.0982,4.138
16.927565,-0.8307,1.2230,4.0328,4.295
16.947944,0.6235,1.5033,1.6073,2.287
16.968584,1.8275,0.9694,-0.2628,2.085
16.988447,2.4295,0.6570,-0.5986,2.587
17.009662,2.5021,0.5344,-0.2427,2.570
17.030743,1.8200,0.7789,1.0271,2.230
17.048071,0.0796,0.2243,1.0987,1.124
17.068957,-1.0150,-0.3360,0.6942,1.275
17.088950,-0.4429,0.2091,0.2440,0.547
17.109915,-0.0321,0.6161,0.1769,0.642
17.129557,-0.5274,0.3655,1.9466,2.050
17.149147,-1.2433,-0.1000,4.2696,4.448
17.169570,-1.4067,-1.0359,3.1129,3.570
17.190056,-0.8396,-1.3295,0.2124,1.587
17.209655,-2.4233,-1.4231,0.5662,2.867
17.230106,-4.3611,-3.7072,1.8968,6.030
17.249992,-5.7436,-5.2382,2.9148,8.302
17.271548,-3.0816,-3.4888,3.4275,5.781
17.296550,-0.2858,-4.2840,2.7119,5.078
17.310101,-0.1562,-2.8457,3.6022,4.593
17.330220,0.6159,-0.4599,1.9890,2.132
17.349640,2.0560,0.9896,0.8401,2.431
17.369845,1.9084,-0.3596,0.2383,1.957
17.391026,0.3847,-3.3735,-4.8346,5.908
17.413777,0.0821,-4.2654,-9.4941,10.409
17.430033,0.1742,-3.0902,-3.7169,4.837
17.451770,1.2815,-1.9522,0.9623,2.526
17.470500,1.2293,-1.8939,-1.4885,2.704
17.492659,0.2404,-1.1590,-3.0168,3.241
17.511176,-1.0572,-0.0332,-4.9024,5.015
17.533990,-1.8056,0.6576,-5.5356,5.860
17.560808,-1.9073,1.3338,-4.4892,5.057
17.572035,-1.1473,3.2873,-4.8976,6.009
17.590608,-0.7826,4.6631,-5.2473,7.063
17.613748,-0.2540,5.2130,-4.8103,7.098
17.631185,0.3903,5.1702,-4.8971,7.132
17.654569,1.0279,5.1214,-3.4580,6.264
17.671265,0.7508,4.7232,-2.1299,5.235
17.693702,1.4297,3.7889,-2.6373,4.833
17.711230,2.2126,1.5685,-2.4850,3.678
17.733669,1.8738,-2.0197,-0.1474,2.759
17.751175,2.7075,-6.6668,5.8717,9.287
17.774195,1.2543,-11.8406,8.6308,14.706
17.791494,-0.0402,-6.3835,6.4928,9.105
17.813988,1.6555,0.6226,4.3336,4.681
17.831504,4.7666,-1.2595,0.4644,4.952
17.853752,3.5237,-8.8235,-5.3792,10.918
17.872624,-1.0258,-7.2233,-10.6861,12.939
17.891943,0.3074,3.5275,-8.6372,9.335
17.912328,1.6182,6.5260,-1.9325,6.996
17.934571,-0.9417,8.2903,-2.1439,8.615
17.952402,-0.4418,7.5314,3.5201,8.325
17.973559,0.9776,0.9295,2.2542,2.627
17.993041,-2.9399,-7.3009,-6.2579,10.055
18.014515,-5.0126,-6.8157,-5.5206,10.102
18.039745,-1.7964,0.2272,0.2408,1.827
18.055576,-0.9221,2.2069,5.5743,6.066
18.072412,-0.4374,0.5851,2.6066,2.707
18.093148,1.4510,0.0405,-1.3394,1.975
18.113146,2.9733,0.7415,-1.6760,3.493
18.135730,3.5555,1.7815,1.8341,4.379
18.152886,2.0392,1.7293,4.0889,4.885
18.173173,-0.6080,0.0318,-0.1680,0.632
18.193787,-1.4855,-0.0097,-4.0505,4.314
18.213858,-0.7568,0.8911,-2.3724,2.645
18.233278,-0.0279,0.2688,1.6159,1.638
18.255670,-0.3046,-0.3876,3.9930,4.023
18.283457,-0.7756,-0.0274,3.6307,3.713
18.296265,-0.7296,-0.8496,2.4712,2.713
18.313902,-1.1674,-2.2342,1.1196,2.758
18.339851,-3.0365,-1.6600,1.3764,3.724
18.356441,-4.7594,-2.7508,1.6023,5.726
18.379183,-5.4334,-5.3183,1.7048,7.792
18.403930,-2.5660,-5.3569,1.7565,6.194
18.418526,2.0494,-5.3645,3.0008,6.479
18.437133,2.2070,-3.2484,4.7658,6.175
18.460099,1.5850,-0.7315,2.1413,2.763
18.477576,2.2597,1.5136,-0.4468,2.756
18.504850,3.5746,1.8699,-1.0735,4.175
18.537843,3.4885,-1.4771,-4.9160,6.206
18.538220,2.7099,-2.9958,-6.5312,7.679
18.556458,1.2624,-2.9861,-5.7019,6.559
18.578221,-0.1493,-3.2345,2.4564,4.064
18.597903,-0.1722,-3.6110,3.6808,5.159
18.616640,-0.9381,-2.5318,-3.2732,4.243
18.637531,-0.5839,0.0982,-7.4450,7.468
18.667198,-0.8653,1.5623,-6.7003,6.934
18.676751,-1.2485,3.1568,-4.7853,5.867
18.696512,-0.9549,4.3750,-4.5422,6.378
18.718965,-0.5557,4.9781,-4.1350,6.495
18.737058,-0.4686,5.6803,-3.8842,6.897
18.758094,-0.6963,5.7899,-3.4653,6.784
18.787329,-1.1755,4.8820,-2.0591,5.427
18.796996,-1.5250,4.3127,-0.7174,4.630
18.820280,-0.6462,3.1203,-1.0236,3.347
18.837252,1.3178,0.2408,-0.6943,1.509
18.861911,3.5356,-3.8814,1.7285,5.528
18.877299,5.9109,-9.6190,5.8719,12.726
18.901845,2.8951,-11.4579,6.5435,13.509
18.928057,0.3852,-1.9001,4.3528,4.765
18.939125,2.3466,4.8931,1.2381,5.566
18.958225,3.9221,3.5632,-1.2166,5.437
18.984017,2.9008,-4.6523,-5.1598,7.529
19.012332,-2.2964,-10.3631,-10.5094,14.937
19.019665,-1.2877,-0.0759,-4.4299,4.614
19.038353,1.8649,4.0886,-0.4574,4.517
19.063077,-0.8665,4.1650,1.2393,4.431
19.077950,-1.2037,5.9305,4.9023,7.788
19.102609,0.9361,1.1716,-3.9798,4.253
19.118054,0.4092,-2.6705,-9.0279,9.423
19.144582,-1.8052,-3.4993,-4.7176,6.145
19.157441,-2.9826,-1.2325,3.7565,4.952
19.180245,-2.3061,0.5328,8.3287,8.658
19.198064,1.2790,0.6790,0.7269,1.620
19.227049,2.8493,1.0208,-1.2162,3.262
19.237147,2.8814,2.2299,-0.6256,3.697
19.264025,2.2020,1.7304,-0.0640,2.801
19.278153,0.7240,0.1747,-0.5570,0.930
19.300980,-0.2473,-0.6417,-2.2103,2.315
19.319063,0.2786,-0.3073,-0.6813,0.798
19.344427,0.6053,-0.4838,2.9193,3.020
19.360842,-1.0959,-0.3769,4.7319,4.872
19.381293,-2.0038,0.2476,4.2652,4.719
19.401045,-2.0197,-0.7830,2.7473,3.499
19.420612,-3.6766,-2.0553,0.7381,4.276
19.442714,-5.1259,-4.0602,-0.9975,6.615
19.461050,-2.2625,-4.1197,0.9371,4.793
19.481173,2.0879,-3.2416,5.1650,6.446
19.501722,3.4693,-3.8931,4.5385,6.913
19.521240,1.6116,-3.4892,4.0015,5.548
19.543991,0.0339,-3.4562,0.9767,3.592
19.579560,0.3885,-1.3370,-2.0612,2.487
19.581174,3.0076,1.0884,-1.1018,3.383
19.600883,5.4715,1.0266,-1.4680,5.757
19.623099,5.1741,-2.4273,-5.7343,8.096
19.641149,2.7116,-4.0616,-4.5215,6.655
19.660942,-0.1161,-3.8278,-0.2867,3.840
19.688379,-0.5818,-3.1064,-0.5602,3.210
19.702378,0.5214,-0.3112,-2.6564,2.725
19.722060,-0.5837,0.0910,-5.2250,5.258
19.744932,-1.9652,0.5085,-4.5329,4.967
19.763650,-3.2335,1.3064,-5.0184,6.111
19.788594,-2.4345,2.7760,-4.3445,5.702
19.801983,-1.5844,4.6279,-4.0788,6.369
19.823152,-1.2042,5.5818,-4.1635,7.067
19.841983,-1.3570,5.3754,-3.8956,6.776
19.862906,-1.6754,4.1751,-3.9674,5.998
19.882863,-1.9955,3.9455,-3.3234,5.531
19.903155,-1.6477,3.9534,-1.9278,4.697
19.921098,-0.6286,3.3227,-1.0582,3.543
19.943788,0.8955,2.0988,0.8527,2.436
19.961707,3.3204,-1.9269,4.9359,6.253
19.984570,4.4378,-11.6527,9.0800,15.425
20.002058,2.4854,-14.5395,7.1691,16.400
20.023781,2.5717,-5.2876,2.7071,6.473
20.041035,4.4614,3.4815,-1.4740,5.848
20.064110,6.2294,5.0237,-0.6529,8.029
20.081659,3.8886,-2.4565,-4.2571,6.267
20.104687,-1.4694,-8.8427,-9.0697,12.752
20.121995,-1.5766,-0.5934,-7.1654,7.361
20.143690,-0.2380,3.9090,-2.0115,4.403
20.162053,-2.3050,5.3548,2.9010,6.512
20.184228,-0.9143,5.3768,4.0063,6.767
20.202287,0.7649,-0.3392,-5.4917,5.555
20.224624,-1.5173,-4.6057,-8.8339,10.077
20.242519,-3.2758,-2.8255,-2.5450,5.019
20.263442,-2.0125,-0.2710,2.6289,3.322
20.282662,-1.5145,1.3407,5.5657,5.922
20.303574,0.3478,1.4949,1.7756,2.347
20.324069,1.8133,0.6726,-2.0049,2.786
20.344187,2.3284,0.8312,-0.4741,2.517
20.364605,2.2372,1.6404,1.0427,2.964
20.383596,1.1473,1.5114,1.8495,2.650
20.405146,-0.7831,0.1078,0.6347,1.014
20.424740,-1.3850,-0.6703,-2.2732,2.745
20.454794,0.1598,0.1669,-1.6003,1.617
20.464126,0.6384,-0.8501,1.6171,1.935
20.485952,-0.1464,-1.3615,4.3172,4.529
20.504334,-0.9592,-0.6196,5.5962,5.712
20.524639,-1.6286,-0.8857,4.0052,4.413
20.544094,-3.5504,-1.5542,0.3860,3.895
20.563806,-5.3653,-2.6883,-0.9982,6.084
20.584653,-4.6366,-4.4580,1.6906,6.651
20.604034,-2.0186,-4.8158,4.5031,6.895
20.625501,0.6773,-4.9769,3.2642,5.990
20.644061,0.4122,-5.2520,2.7194,5.929
20.663895,0.7175,-2.4135,1.9468,3.183
20.686508,2.7404,1.5943,-0.7375,3.255
20.726807,4.2632,2.1611,-0.3498,4.792
20.727150,5.7428,1.4421,-1.0599,6.015
20.745034,4.6472,-2.3642,-3.1383,6.086
20.764391,-0.4737,-4.2005,-5.0128,6.557
20.785020,-3.8219,-4.0154,-2.0197,5.900
20.804716,-2.2997,-2.9360,0.1843,3.734
20.827500,-0.4339,-1.8341,-3.2711,3.775
20.844802,0.5724,-0.3135,-4.3057,4.355
20.865723,0.0242,0.6503,-3.6310,3.689
20.884623,-1.0780,2.2024,-5.1236,5.680
20.905415,-1.2018,3.3990,-5.2683,6.384
20.925592,-1.0338,4.5460,-4.7324,6.643
20.948547,-1.2420,5.2921,-4.0323,6.768
20.981018,-0.8616,3.8807,-4.1721,5.763
20.985214,-1.1370,3.6122,-4.1960,5.652
21.005321,-1.4162,4.1925,-3.5908,5.699
21.025536,-1.3055,4.4160,-2.0747,5.051
21.045417,-0.4157,3.6844,-0.5926,3.755
21.065977,1.1559,1.5374,1.0353,2.184
21.085922,3.9370,-4.3895,4.9931,7.727
21.109596,6.1741,-13.2570,9.6374,17.514
21.128771,2.9321,-11.1467,6.2621,13.117
21.145775,2.5993,0.0510,3.1578,4.090
21.166694,4.0549,6.6548,-0.7588,7.830
21.186605,3.7624,4.3008,-1.8432,6.004
21.206492,0.8486,-8.6965,-4.3822,9.775
21.231299,-5.4670,-14.1331,-6.6888,16.564
21.261818,-2.8493,0.2665,-5.4135,6.123
21.266172,1.5210,5.0925,-1.3657,5.487
21.286224,2.1411,6.6239,2.6281,7.441
21.306617,3.6645,7.1711,0.6700,8.081
21.326523,4.7614,2.1300,-7.0174,8.744
21.346802,1.2996,-2.4028,-8.7307,9.148
21.367262,-4.2386,-3.7817,-2.4353,6.180
21.387241,-7.5930,-2.9068,5.0913,9.593
21.409986,-5.1174,-0.1841,3.3688,6.129
21.428110,0.5839,1.6875,-2.1953,2.830
21.447476,2.4597,1.8103,-2.1928,3.760
21.467550,1.7657,1.4764,1.3480,2.667
21.487726,0.5895,0.0957,2.3503,2.425
21.511612,-0.4849,-0.9716,2.3980,2.632
21.544487,-0.0449,-0.8192,1.0886,1.363
21.547159,1.3226,1.1194,-0.4184,1.783
21.567375,1.2662,1.4139,0.0860,1.900
21.588658,0.2360,-0.0568,2.1303,2.144
21.608392,-0.9009,-0.1717,3.1254,3.257
21.630334,-1.2693,0.4995,2.5564,2.898
21.648554,-1.7147,0.2851,2.5396,3.077
21.678285,-3.7321,-2.2730,1.0812,4.502
21.687979,-6.0175,-4.0214,0.1681,7.240
21.708710,-4.7421,-4.7991,1.2333,6.859
21.729233,-1.5281,-4.7782,3.8793,6.342
21.749814,2.0369,-3.6684,4.0388,5.824
21.769278,2.6815,-3.7050,4.5383,6.443
21.789719,0.9992,-4.2758,3.5514,5.647
21.809247,0.5201,-2.1535,0.5120,2.274
21.842298,0.5041,1.4172,-1.2218,1.938
21.848931,2.1106,2.3204,-1.0472,3.307
21.870712,4.1522,-1.7793,-3.0655,5.459
21.889946,3.4128,-4.8204,-3.6147,6.925
21.909335,2.0078,-3.7940,-3.6014,5.603
21.929429,-0.4860,-2.8088,-1.3543,3.156
21.950229,-0.9085,-2.0896,-0.3452,2.305
21.969606,-0.5190,-1.3310,-4.1250,4.365
21.989816,-0.7876,-0.3890,-4.3635,4.451
22.009503,-1.2412,0.7546,-4.6446,4.866
22.030381,-1.6336,2.9761,-4.9421,5.996
22.050252,-1.2688,4.2715,-4.3672,6.239
22.069873,-0.7408,4.7426,-5.1663,7.052
22.091343,-1.0349,5.4650,-4.8397,7.373
22.110424,-1.3965,5.1465,-4.3225,6.864
22.133031,-1.6853,4.4739,-3.2457,5.779
22.155128,-1.7767,4.7744,-1.8486,5.419
22.186367,-0.6132,4.5317,-1.6479,4.861
22.190368,0.8576,2.9459,-1.2205,3.302
22.213456,2.7282,0.6277,1.6243,3.237
22.230954,4.3387,-7.8056,7.3522,11.567
22.255164,2.6330,-18.7014,9.1667,20.993
22.286732,1.0471,-8.4954,4.6722,9.752
22.293080,2.8124,5.4751,1.0506,6.244
22.310582,4.5588,8.7304,-1.5438,9.969
22.332327,6.0216,-1.4488,-3.4088,7.070
22.351338,-0.9239,-14.6554,-11.5991,18.713
22.373738,-4.1024,-4.3608,-10.3596,11.965
22.401899,-0.9232,3.7635,1.3708,4.110
22.413278,-1.4740,4.7460,7.7722,9.225
22.431758,-1.3320,6.6690,6.2889,9.263
22.453807,0.1619,3.4972,-5.3416,6.387
22.472558,-0.4656,-2.2567,-12.1759,12.392
22.493476,-2.5569,-4.2864,-6.1636,7.931
22.512683,-2.7249,-2.0153,-0.2111,3.396
22.533473,-1.5176,1.1514,3.6278,4.098
22.552485,1.1434,1.3325,2.5652,3.109
22.573492,2.4196,0.2804,-0.1617,2.441
22.592796,1.8416,0.7538,-0.8423,2.161
22.613533,0.7550,1.0960,1.8834,2.306
22.633146,-0.2721,0.2500,1.4073,1.455
22.653728,-0.7126,-0.5545,-1.1046,1.427
22.676163,0.0163,-0.5648,-2.0190,2.097
22.693363,0.6239,-0.0496,-0.0207,0.626
22.712060,0.3130,0.2556,2.2101,2.247
22.733157,-0.4373,0.2693,2.2284,2.287
22.752826,-0.6959,0.3422,1.7459,1.910
22.774068,-0.3858,0.4275,3.1643,3.216
22.801382,-0.4862,0.7466,2.6866,2.830
22.813056,-2.1027,0.7786,0.4454,2.286
22.833249,-5.3542,-1.1005,-1.5101,5.671
22.857133,-5.9265,-4.4627,-0.7030,7.452
22.875872,-2.9582,-5.7729,1.7597,6.721
22.901782,1.5090,-4.1512,3.1713,5.438
22.913207,2.1954,-4.6940,3.4303,6.215
22.935529,1.1065,-4.9570,3.0568,5.928
22.953393,0.6209,-1.9420,3.1866,3.783
22.979503,-0.3181,1.8836,1.7202,2.571
22.996490,0.0997,4.2564,0.1546,4.260
23.025556,1.0832,0.6277,-0.3424,1.298
23.035535,1.8250,-3.7161,-1.6207,4.446
23.056694,0.7246,-4.4862,-5.2053,6.910
23.075506,-1.0483,-2.8962,-2.9562,4.269
23.096669,-0.6760,-1.9870,1.6542,2.672
23.117514,0.0096,-2.0766,-0.2533,2.092
23.140457,1.2741,-0.5997,-4.4531,4.670
23.162450,1.3237,0.5785,-4.1617,4.405
23.177302,0.3983,1.2957,-3.9161,4.144
23.196130,-1.0154,2.5404,-3.8535,4.726
23.220656,-2.1823,2.9495,-3.4388,5.029
23.238169,-2.0005,2.9974,-4.2971,5.608
23.260948,-1.6450,3.0248,-4.3409,5.541
23.280299,-1.0626,3.5186,-3.8464,5.320
23.297423,-0.4978,4.3066,-3.4374,5.533
23.316638,-0.2620,4.5608,-3.1466,5.547
23.344102,-0.3299,4.3838,-2.6356,5.126
23.380108,0.1742,3.6929,-1.7440,4.088
23.380412,1.2545,1.8418,0.1713,2.235
23.396602,2.5048,-2.5232,3.1929,4.779
23.419697,2.2735,-10.2023,9.3676,14.036
23.438478,0.1237,-11.0877,8.3686,13.892
23.459295,2.6311,-3.2124,1.7749,4.516
23.477071,4.7215,0.9915,-2.3694,5.375
23.499928,3.5228,1.9189,-1.2097,4.190
23.527563,0.9337,-7.1103,-6.1553,9.451
23.538098,-2.0125,-6.7256,-7.1417,10.014
23.557739,-1.2515,1.3439,-1.5892,2.429
23.582516,-1.4787,3.7947,1.7631,4.438
23.597750,-1.5713,7.0273,3.4098,7.967
23.625767,0.9325,4.3220,-2.0174,4.860
23.637320,1.0817,-1.3958,-8.5410,8.722
23.659336,-1.7070,-3.7134,-6.7795,7.916
23.676929,-3.2067,-1.9850,-0.7174,3.839
23.699687,-2.6694,-0.1747,4.7915,5.488
23.722850,-1.1434,0.3883,3.0484,3.279
23.739594,1.0472,0.7403,-1.8111,2.219
23.757330,2.3412,0.8207,-2.1245,3.266
23.779708,2.5209,0.9577,0.2764,2.711
23.797348,1.9944,1.0173,1.8584,2.910
23.823730,0.7906,0.4525,1.8385,2.052
23.840570,-0.6955,-0.3278,0.6319,0.995
23.859171,-1.2762,-0.5961,-1.5846,2.120
23.877918,-0.3764,0.3949,-2.0169,2.089
23.897083,0.4971,1.0671,0.0015,1.177
23.920477,0.7371,0.3574,2.2242,2.370
23.956425,0.4084,-0.6872,3.5549,3.644
23.958370,-0.5583,-0.3421,4.8280,4.872
23.982416,-1.7791,-0.3960,4.1893,4.569
23.998553,-2.4835,-0.9668,0.4958,2.711
24.023659,-3.7029,-0.8774,-0.6545,3.861
24.038423,-3.9875,-2.4990,0.4235,4.725
24.063704,-3.0518,-4.1509,1.6729,5.417
24.078648,-0.6772,-3.3158,2.3588,4.125
24.107505,1.2431,-4.5166,2.1389,5.150
24.120652,-0.7169,-5.3042,2.0204,5.721
24.145329,-0.8385,-2.7303,1.9611,3.465
24.160025,0.9636,0.5757,0.5732,1.260
24.184742,2.2417,3.9759,-1.8600,4.929
24.220444,3.2663,4.0488,-1.7993,5.504
24.221381,4.6594,-0.6250,-1.4257,4.913
24.240907,2.7516,-4.6573,-0.2625,5.416
24.264602,-0.1746,-3.7647,1.1901,3.952
24.284355,-0.9105,-3.2120,-0.8995,3.458
24.301811,-1.3514,-3.1270,-5.1444,6.170
24.321080,-0.0524,-0.9773,-5.7226,5.806
24.342379,0.1625,0.2671,-3.6743,3.688
24.364487,-1.7955,-0.0775,-2.6877,3.233
24.382141,-2.1454,1.3033,-2.3879,3.465
24.401097,-0.7858,3.5629,-2.2894,4.307
24.421397,-0.0282,3.7347,-3.2728,4.966
24.441329,-0.0989,3.8851,-3.9844,5.566
24.465398,-0.8471,3.8086,-3.7157,5.388
24.498202,-1.5121,3.8464,-3.2136,5.235
24.502644,-1.8712,4.3607,-2.7243,5.472
24.521884,-1.7700,4.6294,-2.1390,5.398
24.543079,-1.3010,3.9676,-0.7441,4.241
24.561254,-0.3303,2.7226,1.3350,3.050
24.583475,1.3780,-0.7985,3.6649,3.996
24.611317,3.2974,-8.2437,7.9709,11.932
24.623670,2.8896,-11.2825,6.6009,13.387
24.641518,1.9074,-4.3877,1.8842,5.142
24.663227,3.0345,1.6868,-0.7317,3.548
24.681379,5.2921,3.8515,-1.0281,6.626
24.703612,5.6238,-6.2238,-3.4308,9.063
24.726790,-2.5409,-12.7292,-5.3218,14.029
24.743453,-2.1509,0.3106,-3.1311,3.811
24.761391,1.7330,4.3229,0.1287,4.659
24.782282,0.9980,5.9005,6.2626,8.662
24.804238,1.4407,9.4703,5.8757,11.238
24.822348,2.0951,4.0854,-7.8752,9.116
24.844577,-1.9817,-5.5163,-13.4631,14.684
24.863376,-6.7624,-7.3799,-4.3622,10.919
24.881965,-5.6034,-1.6051,1.5001,6.019
24.904659,-1.0987,1.9875,1.7005,2.837
24.923588,1.9393,1.5658,-1.0383,2.700
24.945406,2.6171,1.0045,-3.3079,4.336
24.965112,2.0880,0.7978,-1.2979,2.585
24.994406,1.5620,-0.0363,2.2199,2.715
25.002657,0.6246,-0.3399,2.7133,2.805
25.023501,-0.2055,-0.6039,1.7649,1.877
25.042782,-0.2287,-0.2617,1.1093,1.162
25.063839,0.3308,0.6526,-0.1810,0.754
25.088990,0.9128,1.5214,-1.0660,2.070
25.104023,0.3761,1.1465,-0.9530,1.538
25.123822,-0.4968,0.3369,1.1028,1.256
25.143965,-0.9945,-0.2584,4.1477,4.273
25.164538,-0.7930,-0.0612,4.8899,4.954
25.183999,-0.8181,-0.1596,3.6200,3.715
25.208565,-1.9362,-0.6877,1.1128,2.337
25.224339,-3.5505,-0.0033,-1.1940,3.746
25.243945,-3.5699,-0.9801,-1.1218,3.868
25.264200,-3.4140,-3.5787,-0.9521,5.037
25.284814,-2.0972,-4.8819,0.0022,5.313
25.307525,1.1567,-4.6444,1.8920,5.147
25.342590,1.7622,-4.5120,2.0754,5.270
25.344436,1.3266,-2.8743,2.1918,3.850
25.364848,1.7168,-0.3557,1.4281,2.261
25.385264,2.9435,3.0521,-0.4115,4.260
25.404253,2.7732,4.5332,-0.2185,5.319
25.425011,1.8043,2.8228,0.8577,3.458
25.444933,0.6811,-1.9922,-0.3170,2.129
25.470999,-1.2591,-5.3762,-0.8861,5.592
25.485741,-1.5762,-5.1314,-0.8612,5.437
25.505658,-0.1672,-3.8028,-2.1229,4.358
25.525020,0.3227,-3.1006,-6.2957,7.025
25.547813,-0.0679,-1.5337,-8.0097,8.155
25.565505,-2.0214,-1.2585,-2.4079,3.386
25.589459,-2.8805,-0.0964,-0.1287,2.885
25.605540,-1.6921,2.5005,-3.1426,4.358
25.625241,-0.5296,3.6532,-3.1931,4.881
25.645910,-0.0806,3.8592,-3.6939,5.343
25.665264,-0.6534,3.7161,-3.8484,5.389
25.686659,-1.5525,3.6421,-3.5653,5.328
25.705641,-2.1554,4.0683,-3.3312,5.683
25.725806,-2.8980,4.3526,-2.8818,5.971
25.745585,-3.8019,3.2792,-2.1731,5.471
25.769939,-3.4037,1.4945,0.2110,3.723
25.805677,-1.5879,-2.8612,1.7569,3.714
25.807017,0.3503,-6.6902,2.5069,7.153
25.825873,3.2776,-5.6601,4.4515,7.912
25.847221,5.5957,-3.4587,2.3363,6.981
25.866063,8.8175,-5.9779,-0.3725,10.659
25.886664,11.3827,-7.6109,-3.2646,14.077
25.922253,6.6827,0.1798,-3.7769,7.678
25.926949,2.4129,7.2780,-3.6253,8.481
25.947510,-1.5812,5.8188,-3.9787,7.224
25.967602,-7.2425,1.3766,-5.3265,9.095
25.987638,-10.0075,-3.0376,-4.5995,11.425
26.007209,-6.5314,-3.4622,-0.8902,7.446
26.034231,-1.0582,-1.0016,2.2228,2.658
26.047663,1.2398,0.5761,0.5776,1.484
26.066556,1.0552,-0.2721,-0.5421,1.217
26.086469,0.6053,-0.7723,-0.7471,1.233
26.106267,0.6405,-0.0647,-0.4454,0.783
26.126427,0.8070,0.2308,-0.2986,0.891
26.146640,0.8228,-0.0548,-1.4851,1.699
26.166525,0.4479,0.4501,-1.8665,1.972
26.186853,-0.3998,0.4896,-0.9083,1.107
26.206763,-0.9332,-0.0074,0.0320,0.934
26.226786,-1.7676,-0.4853,0.2892,1.856
26.247247,-1.8850,-0.9293,-0.0476,2.102
26.267558,-0.9820,-0.7711,-0.0747,1.251
26.287079,-0.1879,-0.1808,1.0196,1.052
26.308081,-0.7220,-0.5201,2.2623,2.431
26.327408,-0.9591,-1.0264,2.0354,2.473
26.347602,0.3346,-0.8895,0.6571,1.155
26.368089,1.0075,-0.3679,-0.2730,1.107
26.395653,1.1066,0.1483,-0.7113,1.324
26.407954,1.3634,-0.0397,-0.5651,1.476
26.428807,0.6374,-0.0827,-0.6954,0.947
26.448679,-0.6489,0.4009,-1.2272,1.445
26.468941,-1.5762,0.5321,-1.3535,2.145
26.489004,-1.8114,0.2034,-0.2426,1.839
26.517582,-1.8902,0.1993,1.1857,2.240
26.529008,-2.0673,0.6298,1.3386,2.542
26.550045,-2.4015,0.3237,0.5984,2.496
26.569800,-2.7365,-0.1955,0.3028,2.760
26.590373,-2.6171,-0.4270,-0.3644,2.677
26.617189,-2.1703,-0.2561,-0.9224,2.372
26.629440,-1.9312,0.1217,-0.1325,1.940
26.650922,-2.1005,-0.1103,1.4649,2.563
26.669752,-2.1927,-0.5702,1.5041,2.719
26.690590,-1.4809,-0.3614,0.4167,1.580
26.710449,-0.2637,0.1384,0.9435,0.989
26.730931,0.0945,-0.4858,2.1068,2.164
26.749595,-0.2916,-3.7420,1.2814,3.966
26.771196,-0.0106,-4.4161,1.1853,4.572
26.793995,0.2227,-0.7103,2.2754,2.394
26.828673,-0.2962,0.9203,2.6452,2.816
26.829830,-1.4909,0.9548,2.6069,3.151
26.851812,-1.6247,0.1967,2.6589,3.122
26.871583,-0.5738,-3.5835,1.3511,3.873
26.891471,-0.2797,-7.0894,-3.0437,7.720
26.910711,-3.1876,-4.6144,-5.2741,7.699
26.931336,-3.4575,-3.0625,-3.1624,5.598
26.961097,-0.3883,-3.0580,-3.2931,4.511
26.972112,2.6538,-2.5145,-6.0774,7.092
26.991428,5.3297,-0.0655,-3.6076,6.436
27.013651,5.4006,2.1030,-2.3771,6.264
27.031374,1.9658,1.7569,-0.3294,2.657
27.054049,-2.1554,1.0364,-1.6784,2.922
27.072384,-2.9763,1.3228,-3.4398,4.737
27.091960,-1.6448,2.6818,-4.5339,5.518
27.111381,-0.5911,3.1927,-3.9346,5.101
27.133960,-0.0887,3.8856,-4.0763,5.632
27.151726,0.2930,4.6145,-4.3011,6.315
27.172324,0.2903,4.7310,-3.9121,6.146
27.192098,0.1688,4.7299,-2.5668,5.384
27.213557,0.0708,4.6125,-0.9596,4.712
27.232123,0.2847,3.4816,0.5083,3.530
27.253081,1.0023,0.6356,2.3640,2.645
27.272629,2.3239,-4.4907,2.9970,5.878
27.292623,2.6147,-9.7156,4.1271,10.875
27.323081,0.7483,-10.6987,5.6917,12.142
27.333265,0.7838,-4.2775,2.4845,5.008
27.352678,1.1311,1.6250,-1.2347,2.333
27.373394,2.3368,3.4107,-0.4886,4.163
27.392672,2.5632,-4.0472,-0.3078,4.801
27.413267,-0.7896,-9.9946,-5.0190,11.212
27.432897,-0.3523,-0.1009,-6.2799,6.291
27.453588,2.6067,4.7686,-1.2435,5.575
27.474728,2.6318,5.5293,0.8862,6.187
27.493328,4.1322,6.7219,1.8723,8.110
27.513202,4.0776,2.9757,-1.0647,5.159
27.533586,0.1042,-2.3811,-5.1480,5.673
27.553537,-4.5485,-5.2177,-4.2855,8.141
27.584993,-4.2262,-3.1052,1.1584,5.371
27.593442,-1.9622,0.2244,2.8521,3.469
27.616299,-1.2077,0.6409,0.6541,1.516
27.633167,-0.8239,0.2857,-2.0240,2.204
27.656554,0.7834,0.3267,-2.1560,2.317
27.675588,2.2826,0.7399,-0.7053,2.501
27.701820,2.1615,0.9056,0.2538,2.357
27.715342,1.7480,0.7923,1.4503,2.406
27.736171,0.8315,0.0922,1.8680,2.047
27.755776,-0.1275,-0.3204,0.1814,0.390
27.776499,-0.0942,-0.0155,-0.7640,0.770
27.803586,0.3718,0.9707,-0.2807,1.077
27.817370,0.2717,1.6042,0.9069,1.863
27.836217,0.2569,1.3411,1.3822,1.943
27.856535,-0.1712,0.2773,1.0007,1.052
27.877033,-0.9807,-0.7357,1.8875,2.251
27.897501,-2.0254,-1.0385,3.2913,4.002
27.920492,-2.6230,-1.4477,2.7772,4.085
27.937565,-3.1900,-1.6780,0.1330,3.607
27.957308,-2.2936,-2.1560,0.0322,3.148
27.978576,-0.5096,-3.4632,2.1065,4.085
27.999014,0.3135,-3.0849,2.7726,4.160
28.020170,1.0081,-3.7657,2.5208,4.642
28.036961,-0.6367,-6.0614,2.6128,6.631
28.058567,-1.3113,-4.0541,2.9274,5.170
28.076968,0.5732,-0.5137,2.5426,2.657
28.100559,2.5966,1.9658,1.1963,3.470
28.119071,2.1734,3.3658,0.3312,4.020
28.149091,1.1917,0.2107,-0.2284,1.232
28.157465,0.8724,-4.2490,-3.4755,5.558
28.180557,-0.6748,-5.4814,-6.9771,8.898
28.198524,-2.3048,-4.4398,-3.0468,5.857
28.221494,-0.8665,-4.1430,0.4583,4.257
28.247676,2.0650,-3.4449,-2.7877,4.889
28.259959,3.0283,-1.2597,-4.7547,5.776
28.276964,0.8792,-0.0622,-2.4935,2.645
28.302032,-1.9072,0.9266,-2.4442,3.236
28.317287,-2.5112,2.6789,-5.6147,6.709
28.340957,-2.4338,4.2482,-6.1666,7.874
28.357869,-1.9499,5.7283,-4.9244,7.802
28.382012,-1.3945,4.8149,-4.8681,6.988
28.397741,-1.3795,4.5069,-5.6879,7.387
28.422914,-0.8329,4.6920,-5.5607,7.323
28.437521,-0.1840,5.0156,-4.2784,6.595
28.463205,-0.2100,4.9734,-2.5867,5.610
28.499165,-0.3521,3.7575,-1.7393,4.155
28.499989,0.5774,1.0176,-0.0948,1.174
28.517341,3.1785,-4.1501,3.2463,6.153
28.540924,5.0941,-13.4441,8.9511,16.936
28.558727,0.5218,-14.9042,8.2364,17.037
28.583219,-0.0265,-2.2474,3.9006,4.502
28.598163,2.6615,6.4968,-1.0306,7.096
28.623686,4.8584,3.9868,-2.0699,6.617
28.638628,5.3346,-5.9830,-5.0564,9.477
28.663559,1.9827,-12.8397,-10.4639,16.682
28.678698,0.5475,-1.5032,-5.9905,6.200
28.703566,-0.3417,2.6916,2.5500,3.723
28.724781,-1.9930,4.9306,7.8902,9.515
28.742973,-0.5603,7.1164,3.3265,7.875
28.762033,1.8343,4.1557,-6.7910,8.170
28.781406,0.8323,-0.5955,-9.4497,9.505
28.804079,-1.6733,-3.7464,-5.2487,6.662
28.822433,-2.6690,-3.8548,-0.5476,4.720
28.844718,-2.1927,-0.0022,2.7215,3.495
28.861568,-0.3620,2.1138,0.7101,2.259
28.881009,1.9353,1.1284,-1.0141,2.459
28.899356,1.8774,-0.3458,-0.1039,1.912
28.923580,0.8460,-0.7906,0.2550,1.186
28.944473,-0.0027,-0.7825,1.7965,1.960
28.964156,-0.0065,-0.5537,2.6533,2.710
28.989534,1.1269,0.5299,1.1043,1.664
29.001430,2.0173,1.7917,-0.8250,2.821
29.020734,1.6288,1.6765,-0.2232,2.348
29.043159,0.2024,1.4472,1.6243,2.185
29.062490,-1.7995,0.5193,2.0757,2.796
29.083469,-2.4946,-1.1514,2.4740,3.697
29.105985,-1.5404,-0.4537,4.4452,4.726
29.121391,-1.6462,-0.2736,4.6644,4.954
29.140486,-3.3731,-1.9397,0.8113,3.975
29.164702,-4.3229,-2.9539,-0.7887,5.295
29.180976,-2.5689,-5.1461,0.7436,5.799
29.206248,1.0093,-4.6598,5.1630,7.028
29.243500,1.9980,-4.6019,5.9458,7.780
29.243815,-0.3229,-6.3769,2.6606,6.917
29.267489,-0.4231,-3.0808,0.1763,3.115
29.281583,0.8745,1.8909,-0.7520,2.215
29.301067,2.8533,2.2593,-1.2559,3.850
29.324103,3.3140,-3.0634,-3.1089,5.480
29.345253,2.4363,-4.4984,-3.0113,5.936
29.370674,-0.4666,-3.3501,-5.4336,6.400
29.384166,-2.0409,-2.4163,-1.2350,3.395
29.404409,0.6518,-2.0082,-0.1360,2.116
29.421750,1.3187,-1.2618,-3.3968,3.856
29.444090,-0.1111,-1.3852,-4.7261,4.926
29.471256,-1.4905,-0.1307,-5.0053,5.224
29.481948,-2.1978,2.0490,-4.3114,5.255
29.504133,-2.0402,2.8940,-4.3706,5.625
29.523328,-1.7459,4.0737,-4.9036,6.610
29.542228,-1.6513,4.7930,-5.1702,7.241
29.564251,-0.8615,4.7042,-5.3999,7.213
29.586828,-0.3412,4.2540,-5.3318,6.829
29.602848,-0.3823,4.5339,-5.1232,6.852
29.623883,0.1066,5.2305,-3.7812,6.455
29.643946,0.4362,5.0921,-1.4372,5.309
29.664868,0.1378,3.7315,1.0777,3.886
29.684694,0.6286,-0.9252,3.0174,3.218
29.706144,5.2005,-14.2686,7.5915,16.979
29.733151,4.5394,-17.9215,7.5479,19.969
29.743989,4.5917,-3.6667,3.5020,6.840
29.764650,4.9117,1.2530,-1.3396,5.243
29.783512,5.8711,1.3897,-0.4970,6.054
29.804897,3.4861,-4.8457,-5.3585,8.022
29.825992,-3.0811,-5.0315,-9.1859,10.917
29.850137,-1.8234,2.9229,-5.3091,6.329
29.864871,-0.3463,3.9020,-0.1317,3.920
29.885593,-1.5686,5.3024,3.4968,6.542
29.903877,-0.0799,4.4354,1.8558,4.809
29.926770,0.2998,-1.7224,-7.5463,7.746
29.944227,-1.1860,-3.5682,-7.0197,7.963
29.965601,-1.9129,-0.9717,-2.0240,2.950
29.986802,-1.5700,0.3779,1.0046,1.902
30.013808,-1.8334,0.8488,2.6952,3.368
30.024951,-1.5030,0.4036,0.4221,1.612
30.045678,-0.1519,-0.3763,-1.8977,1.941
30.065541,1.1633,-0.1254,0.1979,1.187
30.096158,1.5123,0.4024,2.3353,2.811
30.105477,1.1653,0.7966,2.6291,2.984
30.125810,0.1627,0.5826,1.6422,1.750
30.144190,-0.4833,0.3453,-0.5148,0.786
30.165707,-0.3773,0.9021,-1.7723,2.024
30.184952,0.3204,1.6179,-0.5893,1.751
30.209328,0.2988,1.1917,2.2690,2.580
30.224724,-0.5726,-0.2491,3.9273,3.977
30.245928,-1.2213,-0.3768,3.7687,3.980
30.264913,-2.1309,-0.9270,2.2474,3.233
30.285058,-3.2861,-1.5241,0.0054,3.622
30.305119,-3.9852,-1.8117,-0.1966,4.382
30.326553,-3.6115,-3.6713,0.7431,5.203
30.345464,-2.8870,-5.4224,1.9150,6.435
30.367325,0.5578,-5.2827,3.6235,6.430
30.386866,2.1040,-5.2657,4.1782,7.044
30.411469,1.1982,-3.4703,3.7141,5.222
30.446216,1.3917,-0.1468,1.9984,2.440
30.447175,1.5896,2.8264,0.6909,3.316
30.466592,2.1817,1.8185,-0.7195,2.930
30.487801,2.8319,-3.3237,-2.0688,4.832
30.507787,1.5361,-5.3961,-6.8600,8.862
30.526585,-2.1882,-4.5960,-7.8202,9.331
30.548999,-1.4136,-3.0965,1.1478,3.592
30.566540,2.1375,-2.5399,2.4222,4.109
30.591386,2.1529,-1.5982,-4.0779,4.880
30.606577,1.8521,0.5883,-3.8568,4.319
30.627561,0.2697,2.1154,-5.0980,5.526
30.646540,-1.9417,2.5418,-5.0932,6.014
30.667170,-2.5109,2.8987,-4.5349,5.939
30.686630,-1.7785,4.2460,-5.3051,7.024
30.709721,-1.2362,5.5617,-5.3590,7.822
30.727312,-1.2864,5.8018,-4.6396,7.539
30.747300,-1.4193,5.4904,-4.5082,7.244
30.767846,-1.2862,5.8140,-3.3479,6.831
30.790937,-0.7093,5.8024,-1.9827,6.173
30.826313,-0.2375,4.4550,-1.0602,4.586
30.827203,0.7006,2.1364,0.9724,2.450
30.847981,3.7984,-6.1343,5.8400,9.282
30.868038,5.3587,-21.2387,10.0860,24.115
30.888142,3.6095,-13.9643,5.7656,15.533
30.908742,2.1678,1.6802,0.3528,2.765
30.942166,4.9585,5.4725,-1.6097,7.558
30.947455,8.4842,-4.4160,-3.5879,10.215
30.970542,0.0194,-10.1272,-10.5583,14.630
30.988982,-3.5378,2.5468,-9.7332,10.665
31.008633,-0.5490,5.7028,-0.5882,5.759
31.029070,-2.3262,4.6758,2.1256,5.638
31.048958,-1.9027,4.5215,7.0250,8.568
31.069475,-1.1550,0.2220,1.5995,1.985
31.088623,-2.9762,-3.7179,-6.2891,7.889
31.109034,-3.9393,-3.1634,-6.1732,7.977
31.129036,-1.3844,-0.9645,-2.4925,3.010
31.148939,1.3069,1.6310,0.0644,2.091
31.171006,1.2727,1.5884,0.2297,2.048
31.189512,1.3762,0.1435,0.0064,1.384
31.209157,1.5876,-0.4824,1.9788,2.582
31.229582,1.7157,0.1886,2.8569,3.338
31.249371,1.2636,0.5270,2.0679,2.480
31.269237,0.5809,0.2562,-0.3433,0.722
31.306474,0.1337,0.3584,-2.5188,2.548
31.309123,-0.4211,1.0767,-1.9876,2.299
31.330738,-0.8348,2.0015,0.8699,2.337
31.350026,-1.0861,1.7104,2.6734,3.354
31.370258,-1.4845,-0.8330,2.7832,3.263
31.390899,-1.4613,-1.5703,4.0510,4.584
31.410028,-1.2349,-0.3408,4.0126,4.212
31.438416,-2.4106,-0.9978,2.4908,3.607
31.454033,-5.0848,-2.6318,0.6370,5.761
31.470588,-5.7151,-4.6672,0.1972,7.381
31.493997,-3.5357,-6.6984,1.9568,7.823
31.511083,1.3679,-5.0884,5.3372,7.500
31.536589,1.6568,-4.6393,4.8070,6.883
31.551037,0.4747,-3.3921,2.4839,4.231
31.571924,1.3120,0.3841,0.3396,1.409
31.590671,2.6651,2.2135,0.1411,3.467
31.613868,4.2275,0.0492,-2.5502,4.937
31.631414,2.8617,-5.2025,-4.1464,7.242
31.653859,0.1015,-5.3265,-6.8079,8.645
31.684384,-3.7889,-4.3128,-5.0772,7.664
31.693043,-0.0950,-2.0203,3.1924,3.779
31.711434,1.9941,-1.3867,-2.8267,3.727
31.734009,1.2037,-0.5794,-5.0872,5.260
31.752092,-1.1640,-0.0005,-4.6883,4.831
31.782570,-2.3948,1.6662,-4.3638,5.249
31.791227,-2.4265,2.8314,-4.9019,6.159
31.813152,-0.9707,4.1721,-5.0210,6.600
31.832295,-0.0673,5.5105,-4.9963,7.439
31.853675,-0.4559,5.9053,-5.1538,7.851
31.872471,-1.1001,5.4275,-5.2681,7.643
31.900929,-1.4250,5.1229,-4.7017,7.098
31.911607,-1.0448,5.5877,-2.9219,6.391
31.934465,-0.7163,5.1618,-0.6626,5.253
31.952727,-0.2946,3.2879,0.8825,3.417
31.973759,2.1430,-1.1284,1.9124,3.086
32.001094,6.6195,-12.7199,7.2402,16.063
32.013372,4.0948,-18.7053,7.5751,20.592
32.032450,1.2526,-5.8714,3.8062,7.108
32.053976,3.1748,6.1738,0.0616,6.943
32.072999,7.0277,5.4988,-1.1061,8.992
32.097173,7.2324,-7.9437,-4.7981,11.766
32.114475,-4.1534,-12.3473,-11.3282,17.264
32.133082,-5.5813,1.2247,-5.5675,7.978
32.152766,-2.4721,4.5539,2.0265,5.564
32.176756,-2.1748,5.6903,4.4198,7.526
32.208594,-0.0841,5.9490,3.3002,6.804
32.214892,1.7004,0.4184,-4.9184,5.221
32.233373,-0.4549,-3.5188,-7.4729,8.272
32.255309,-3.4726,-2.9495,-3.1926,5.563
32.273222,-2.8058,-0.4529,1.0599,3.033
32.294109,-0.1519,1.4105,1.0593,1.771
32.316432,0.8755,1.5224,-1.0811,2.062
32.344299,0.9366,0.3435,-0.4250,1.084
32.355136,0.8220,0.0822,2.0031,2.167
32.376826,0.8278,0.9241,2.6997,2.971
32.396467,0.4998,0.7724,1.1741,1.492
32.416243,0.1338,0.1265,-0.8744,0.894
32.435901,-0.0986,0.3566,-2.1135,2.146
32.456676,-0.1217,0.4469,-1.3403,1.418
32.476650,-0.3408,0.0702,1.0224,1.080
32.496883,-0.4745,-0.4463,2.9215,2.993
32.517154,-0.1942,-0.3708,4.6546,4.673
32.537208,-0.1311,0.2212,4.7615,4.768
32.557440,-1.4998,-0.3218,1.7609,2.335
32.580121,-3.9305,-1.4946,-0.8329,4.287
32.606799,-5.4138,-2.2745,-0.1186,5.873
32.617669,-4.5509,-4.0290,0.9993,6.160
32.638184,-2.5815,-4.5454,2.1620,5.657
32.660187,1.5692,-4.1862,4.4150,6.283
32.678647,1.6413,-5.2867,4.5903,7.191
32.698626,0.4872,-3.6482,2.8471,4.653
32.723223,1.1826,-0.1270,0.5732,1.320
32.738419,2.1882,2.6344,-0.2418,3.433
32.756585,2.1782,1.6069,-2.3383,3.577
32.778365,2.2572,-2.7368,-2.5473,4.367
32.796921,0.7386,-4.8751,-3.8141,6.234
32.818779,-1.9138,-4.4215,-3.9420,6.225
32.840466,-1.7347,-3.0446,-2.7444,4.451
32.858394,-0.2489,-2.1698,-2.9430,3.665
32.876776,0.3937,-0.6422,-1.6008,1.769
32.898829,-0.9151,-0.6184,-2.0006,2.285
32.916101,-1.0285,0.6049,-4.5161,4.671
32.938890,-1.0072,2.8876,-4.6316,5.550
32.956768,-1.1903,3.8173,-4.8261,6.267
32.984003,-0.4542,4.4114,-4.9265,6.629
32.996837,-0.1453,5.0047,-5.1497,7.182
33.019564,-0.4732,5.0082,-4.9338,7.046
33.036782,-0.7931,4.9691,-4.3674,6.663
33.058353,-0.9060,5.3318,-3.5526,6.471
33.083858,-0.4478,5.7975,-2.4353,6.304
33.099601,0.1186,4.9792,-1.1922,5.121
33.117230,1.0126,2.9381,1.2576,3.353
33.139782,2.6900,-2.3463,4.6160,5.835
33.157513,3.7964,-15.8122,9.5492,18.858
33.183860,0.9856,-18.4308,7.5190,19.930
33.199978,2.6853,-3.4005,2.5198,5.012
33.219658,3.4597,4.7617,-0.5994,5.916
33.237206,4.0375,1.3746,-2.2537,4.824
33.259821,0.4526,-9.4015,-8.7607,12.859
33.283944,-1.3444,-5.0716,-9.5126,10.864
33.304427,0.3227,3.2068,-2.2241,3.916
33.320887,-1.1139,4.9807,2.8597,5.850
33.343328,-1.5558,7.5149,6.3252,9.945
33.357883,1.1554,4.2419,0.5147,4.426
33.387735,1.0031,-1.2876,-8.7029,8.855
33.400855,-1.5798,-3.9316,-7.1489,8.310
33.421188,-1.9917,-3.4356,-1.6470,4.299
33.438608,-1.6326,-0.3198,3.1844,3.593
33.466141,-2.1410,0.5435,3.7318,4.337
33.504165,-0.7892,0.7583,0.7490,1.326
33.504471,0.6493,0.4289,-0.4644,0.906
33.518667,1.4708,0.8520,-0.3339,1.732
33.540202,1.9210,1.1677,1.1666,2.533
33.559989,1.2444,0.8387,1.4466,2.084
33.581589,0.0181,0.2785,-0.1681,0.326
33.612136,-0.5864,0.1934,-1.4645,1.589
33.622000,-0.1227,0.6083,0.8187,1.027
33.641289,-0.0582,0.1237,4.5235,4.526
33.659779,-1.0594,-0.3767,5.1923,5.313
33.685022,-2.1747,-0.9409,2.7296,3.615
33.700120,-3.4690,-1.7577,1.3281,4.109
33.723965,-4.7953,-1.9447,0.7829,5.234
33.739999,-4.6388,-2.8503,0.2280,5.449
33.762138,-2.9535,-4.4448,0.4433,5.355
33.782946,0.1276,-4.5377,3.1804,5.543
33.804170,1.1978,-4.6782,4.5972,6.667
33.822993,0.2204,-3.7212,3.7901,5.316
33.845486,1.1656,-0.2737,1.6808,2.064
33.863046,2.3074,2.8820,0.2569,3.701
33.882396,3.0944,2.2573,-1.2245,4.021
33.903710,4.1421,-2.1779,-2.6723,5.389
33.923545,2.5319,-4.8839,-2.6058,6.087
33.942139,-0.3350,-4.9317,-3.7279,6.191
33.964618,-1.1801,-3.6562,-1.6034,4.163
33.983530,0.4991,-2.5231,-1.6776,3.071
34.002106,1.0171,-1.2158,-3.8879,4.199
34.023866,-0.6280,-0.6316,-3.4871,3.599
34.042341,-2.2625,0.1832,-2.1108,3.100
34.064046,-2.1794,2.0470,-4.2855,5.225
34.084668,-1.1075,3.8215,-5.4573,6.754
34.108286,-0.7182,5.1374,-4.7808,7.054
34.121615,-1.3241,5.6000,-4.4915,7.300
34.145071,-0.9405,4.9385,-4.1694,6.531
34.163967,-1.3894,4.9322,-4.4582,6.792
34.183234,-2.0003,5.4054,-3.8045,6.906
34.210401,-1.7289,5.3516,-1.6566,5.863
34.224395,-1.1124,4.5974,0.2089,4.735
34.242657,0.3793,2.6675,1.9596,3.332
34.264442,2.6175,-3.5398,3.7766,5.800
34.284365,4.5744,-14.6344,8.3286,17.449
34.307497,1.2305,-14.2574,7.7643,16.281
34.343240,0.7959,-2.5795,2.4637,3.655
34.343550,4.5115,1.9153,-2.4432,5.476
34.362956,9.8814,-3.7434,-2.6526,10.895
34.384166,5.8938,-9.5071,-7.6397,13.546
34.404828,-0.3412,2.1702,-10.4925,10.720
34.423426,-0.5918,6.1994,-3.5111,7.149
34.444319,-3.4363,4.7026,-1.7902,6.093
34.465610,-5.1897,4.6793,4.0086,8.056
34.489071,-2.4164,2.2713,6.0007,6.856
34.503994,-2.4503,-4.6402,-4.2969,6.782
34.523628,-3.2483,-5.9697,-6.8462,9.647
34.543775,-1.5001,-1.1365,-1.1379,2.199
34.564754,0.0082,2.2127,3.1338,3.836
34.589990,-0.2789,1.9227,2.4804,3.151
34.604894,0.3100,0.7544,0.2645,0.857
34.625093,1.4258,-0.0699,-0.0295,1.428
34.644851,2.4508,0.8430,0.1371,2.595
34.665291,2.6251,1.8069,1.4850,3.516
34.685059,1.1763,0.9691,0.1882,1.536
34.706216,0.0673,-0.0773,-1.7498,1.753
34.725771,0.1451,0.1828,-1.6849,1.701
34.745830,0.0090,0.1054,1.7235,1.727
34.765607,-1.1049,-0.8009,4.8373,5.026
34.784251,-1.9508,-1.1794,4.6119,5.145
34.805406,-1.7434,-1.1724,2.7042,3.424
34.824431,-2.2876,-1.1292,1.1991,2.819
34.850757,-3.8466,-1.5262,0.4238,4.160
34.865936,-3.9783,-3.1335,0.8067,5.128
34.884611,-2.0481,-3.8453,3.1472,5.375
34.904922,0.7718,-3.0306,4.2807,5.301
34.925301,0.8550,-4.8015,2.8959,5.672
34.945422,0.0127,-3.8612,2.3994,4.546
34.967189,-0.0041,-0.0002,1.3096,1.310
34.985248,1.3313,1.6960,-0.7058,2.269
35.005135,3.8728,1.1611,-1.4071,4.281
35.028411,4.6356,-3.3102,-2.6242,6.272
35.045588,3.8421,-5.4567,-2.0294,6.975
35.068351,2.3692,-4.0395,-3.6645,5.946
35.102756,0.1290,-2.0160,-2.8156,3.465
35.105346,0.5559,-0.1175,-1.1707,1.301
35.125880,0.1526,0.4289,-3.0032,3.037
35.145906,-0.8304,0.4128,-3.5242,3.644
35.166977,-1.9886,0.6297,-4.6403,5.088
35.186386,-2.3231,1.6026,-5.6338,6.301
35.216983,-1.0947,3.3108,-3.6081,5.018
35.226195,-0.1808,4.6779,-4.2553,6.326
35.247231,-0.1410,5.4584,-4.8140,7.279
35.266917,-0.9471,4.2984,-3.6378,5.710
35.287007,-1.6314,3.9609,-3.4758,5.516
35.318379,-1.9169,4.0253,-2.8290,5.280
35.326356,-1.2855,4.4426,-1.6378,4.906
35.347119,-0.1446,3.6095,-1.1633,3.795
35.367298,1.6844,0.9010,1.2733,2.296
35.387719,4.4552,-4.7401,10.7728,12.585
35.408329,3.1640,-16.7087,12.3019,20.989
35.431171,-0.9051,-10.8060,5.8928,12.342
35.447506,3.7129,4.5230,1.6335,6.075
35.467768,5.7108,7.2696,-3.3138,9.821
35.487504,5.7618,-0.7092,-5.3183,7.873
35.509063,1.5103,-13.9001,-7.8184,16.019
35.530899,-1.2475,-7.0340,-9.5418,11.920
35.547352,1.6206,5.1549,-2.3960,5.911
35.567724,0.5751,5.4596,-0.7873,5.546
35.588023,-4.2752,4.8651,6.4455,9.137
35.612936,-2.6059,3.3699,8.3045,9.333
35.650499,-0.3021,-0.8486,-3.5648,3.677
35.650806,-2.9159,-4.3896,-10.1701,11.454
35.668511,-3.1694,-2.8318,-5.0033,6.565
35.689520,-2.4121,0.2301,3.1258,3.955
35.708875,-3.1935,0.7011,5.9303,6.772
35.729265,0.1890,1.0994,-0.8534,1.405
35.749991,2.9044,1.1956,-1.5784,3.515
35.780883,3.8642,1.2136,1.1574,4.212
35.789164,3.4375,1.1547,1.5878,3.959
35.809949,1.9663,0.8026,0.8547,2.289
35.829903,-0.3309,-0.4600,-0.9036,1.067
35.849251,-0.8478,-0.2378,-0.5869,1.058
35.869609,-0.3487,0.0718,0.1824,0.400
35.890839,-0.3298,-0.4546,1.8367,1.921
35.909705,-1.4696,-0.6203,4.0935,4.393
35.930020,-2.2087,-0.8161,3.9561,4.604
35.950245,-2.5694,-1.4942,1.7232,3.436
35.970054,-3.4976,-1.8059,0.2504,3.944
35.992987,-3.3886,-2.9658,0.7507,4.565
36.026466,-1.9555,-4.5541,2.6154,5.604
36.030302,0.9131,-4.1707,4.2792,6.045
36.049898,1.7878,-4.2688,3.5023,5.804
36.070204,1.2716,-3.0784,2.0464,3.909
36.092741,0.9746,-0.0516,1.0509,1.434
36.110664,1.5542,1.4168,-0.1420,2.108
36.133663,3.7015,0.1258,-1.8175,4.126
36.160581,5.3372,-3.8059,-3.3817,7.376
36.172107,3.7971,-4.0272,-2.9747,6.284
36.190990,-0.6182,-2.7226,-4.0672,4.933
36.211061,-1.9377,-1.2976,-2.3469,3.308
36.230731,-0.6213,-0.3363,-1.7862,1.921
36.261062,-0.2791,0.9544,-2.5722,2.758
36.270369,-1.2119,1.1188,-4.2329,4.543
36.293394,-2.2442,0.7723,-4.0656,4.708
36.311156,-1.8775,1.8549,-3.5380,4.414
36.333884,-0.7294,3.2333,-3.9031,5.121
36.350986,-0.1941,4.4463,-4.1381,6.077
36.375731,-0.4690,5.0636,-3.6320,6.249
36.390830,-1.1368,4.7455,-3.0510,5.755
36.414511,-1.8710,4.5872,-2.7994,5.690
36.431851,-1.8713,4.7290,-1.9475,5.446
36.456076,-1.2808,4.2373,-0.8330,4.504
36.490370,-0.3837,3.1069,1.0554,3.304
36.493898,1.1009,-0.4748,4.9458,5.089
36.511573,3.2335,-12.5134,12.9683,18.309
36.532550,2.8603,-17.4745,7.5820,19.262
36.551518,3.7584,-3.8661,1.7547,5.670
36.573593,6.9513,7.6853,-1.6843,10.499
36.604946,9.2085,5.4877,-3.1416,11.171
36.613529,5.1862,-6.8636,-7.7146,11.555
36.634118,-3.9230,-11.3352,-11.5196,16.631
36.653878,-2.9907,-0.5725,-3.0944,4.341
36.672901,-1.6316,2.8010,2.5318,4.113
36.694390,-2.7608,6.1776,7.0483,9.771
36.712705,1.7501,7.7709,2.1829,8.259
36.736909,4.5238,2.1077,-10.3899,11.526
36.752470,0.5963,-3.6009,-11.6428,12.202
36.773184,-3.0821,-3.8800,-3.4918,6.062
36.793751,-4.9690,-1.2856,5.7257,7.689
36.814144,-4.0842,0.4137,5.2528,6.667
36.833364,-0.4376,0.2699,-0.7447,0.905
36.856265,1.6863,0.0622,-1.2352,2.091
36.885875,1.4324,0.9788,1.0005,2.003
36.897170,0.6780,0.7897,1.8646,2.135
36.913706,0.2384,0.0605,1.3232,1.346
36.935204,0.5582,0.2388,0.0717,0.611
36.954021,1.1253,1.0230,-1.1293,1.894
36.977064,1.3174,1.0447,-0.1043,1.685
36.996066,0.5256,0.0765,2.0810,2.148
37.022210,-0.8294,-0.5936,4.7863,4.894
37.034178,-1.8093,-0.5673,5.0081,5.355
37.055856,-2.2675,-0.9581,2.4820,3.496
37.075440,-3.5723,-1.8082,0.0584,4.004
37.096434,-4.4381,-2.3490,0.1495,5.024
37.117987,-3.6671,-4.3344,1.0376,5.772
37.136967,-1.8358,-5.3345,3.7524,6.776
37.156997,0.7296,-4.6810,5.0936,6.956
37.180049,0.7364,-4.8860,4.0972,6.419
37.197530,0.5909,-1.9472,2.4924,3.218
37.220121,0.4839,1.4461,-0.5216,1.612
37.237416,0.7640,2.0987,-1.5115,2.697
37.265257,2.8595,-0.2647,-3.3946,4.446
37.277383,3.7966,-3.7401,-3.8024,6.547
37.297680,1.6015,-3.7037,-3.2040,5.152
37.317341,-0.8363,-2.7544,-0.4009,2.906
37.340989,-1.0646,-2.0873,-1.1274,2.600
37.356817,-1.4801,-1.9150,-3.9667,4.647
37.384559,-1.4305,-0.9627,-5.2521,5.528
37.397283,-1.2409,-0.2765,-4.4106,4.590
37.418675,-0.8953,1.2079,-4.5213,4.765
37.437811,-0.6372,2.6611,-4.7238,5.459
37.458587,-0.1328,4.1734,-3.9002,5.714
37.483444,0.1585,4.7995,-3.6547,6.035
37.499273,0.0779,5.1326,-3.8545,6.419
37.516727,-0.4557,5.1668,-3.5417,6.281
37.545706,-0.8931,5.3619,-2.9334,6.177
37.556881,-0.3681,5.7583,-1.8733,6.067
37.582027,0.3758,5.1720,0.0505,5.186
37.597015,0.9871,3.1011,1.7020,3.673
37.619763,2.0063,-4.2777,4.5452,6.556
37.639003,3.2566,-18.2764,9.3153,20.770
37.662551,2.1466,-14.4405,5.3723,15.556
37.677504,1.7289,2.8773,0.7133,3.432
37.702205,5.3123,8.3552,-2.4597,10.202
37.728945,7.2249,-4.2949,-4.4050,9.489
37.740060,-1.7139,-11.5406,-10.6406,15.791
37.758890,-3.6932,-0.3323,-9.3440,10.053
37.782854,-0.0485,2.5137,2.1062,3.280
37.797627,1.0555,1.9847,5.9831,6.391
37.827343,1.8213,5.8643,8.6251,10.588
37.837343,2.7367,5.8951,-1.4401,6.657
37.863557,-1.2832,-0.5702,-9.7213,9.822
37.877204,-8.9579,-5.5463,-7.3807,12.864
37.901451,-10.5285,-2.3804,-2.2682,11.030
37.918687,-4.9982,-0.3778,-0.6110,5.050
37.940991,-0.4851,-0.8145,-0.4812,1.063
37.958409,1.7628,-0.1390,-0.2367,1.784
37.982894,3.0201,0.5135,2.9268,4.237
38.008598,3.9572,1.1183,4.6878,6.236
38.022465,4.0627,1.8714,2.5337,5.141
38.038248,2.4536,2.2530,0.4925,3.367
38.064650,0.3869,1.1758,-1.6975,2.101
38.077983,-1.8496,-0.6950,-4.2249,4.664
38.107685,-2.4079,-0.5531,-2.3793,3.430
38.144277,-1.3197,0.3377,2.1139,2.515
38.144638,-0.3641,0.2042,4.9883,5.006
38.160795,0.1727,0.8358,4.6259,4.704
38.180896,0.4738,0.6546,2.1848,2.329
38.200348,-0.4106,-1.1437,0.0123,1.215
38.221056,-1.5654,-1.2544,-0.4526,2.056
38.241081,-2.2156,-0.5064,0.1306,2.277
38.260248,-2.8677,-2.3404,0.3528,3.718
38.280418,-3.6175,-4.6926,1.6437,6.149
38.301886,-2.8435,-4.6555,3.0501,6.250
38.320902,-2.0856,-6.1367,2.9489,7.121
38.342509,-0.8382,-6.5431,4.6982,8.099
38.364291,-0.0930,-3.4533,3.8422,5.167
38.388830,0.4561,0.7897,0.6543,1.122
38.401390,-0.4952,0.9762,1.3742,1.757
38.422336,-1.8071,-1.2464,0.3673,2.226
38.443628,-2.4792,-5.6227,-2.8680,6.781
38.465549,-3.9314,-8.1018,-6.1669,10.914
38.482117,-4.5144,-6.7271,-1.7807,8.295
38.506878,-2.2452,-6.1444,0.9077,6.604
38.521283,-0.5320,-5.0678,-5.1288,7.230
38.542985,-1.2735,-2.8567,-7.3273,7.967
38.563901,-5.1365,-1.9359,-4.0980,6.850
38.582127,-5.6283,-1.9386,-4.4504,7.433
38.604684,-2.2544,0.1753,-9.1350,9.411
38.621166,0.6818,4.0996,-8.5277,9.487
38.652037,1.3541,6.2733,-6.6249,9.224
38.664151,0.4215,5.2664,-7.1281,8.873
38.684138,-0.7074,4.3648,-6.9703,8.254
38.702802,-1.4329,4.7695,-6.3594,8.077
38.737684,-2.0729,5.1337,-5.8623,8.063
38.743391,-2.7557,4.4098,-6.1220,8.032
38.761908,-3.2648,2.3987,-6.2528,7.451
38.783704,-4.7663,-1.7241,-5.5013,7.480
38.805240,-9.9553,-8.4225,-4.2441,13.713
38.834828,-9.9947,-8.8320,-2.1846,13.516
38.843319,-3.6815,-4.4001,-1.4384,5.915
38.863695,2.9097,-1.2224,-1.4173,3.460
38.883947,8.5575,-0.4796,-5.2753,10.064
38.903269,15.1190,-2.9245,-13.9479,20.777
38.923994,20.0099,-8.1794,-19.6513,29.214
38.944480,25.2536,-5.8884,12.3177,28.708
38.966600,5.6051,-3.7190,26.4952,27.336
38.983558,-11.4619,-7.6278,1.1812,13.819
39.003117,-13.2806,-3.6622,-12.1101,18.342
39.023551,-10.8318,2.4451,-4.7932,12.095
39.049348,-7.1503,2.4874,-0.5296,7.589
39.085094,-2.5283,0.5468,-0.5096,2.636
39.085449,1.2089,-0.3720,0.8900,1.547
39.103635,4.5101,-1.0392,3.2067,5.631
39.123700,5.8225,-0.9561,5.4781,8.051
39.143703,4.1137,0.0147,5.6178,6.963
39.163657,0.5253,0.0605,3.7218,3.759
39.184021,-0.0190,-0.2800,0.3118,0.419
39.204307,1.2746,-0.3823,-1.5362,2.032
39.227735,0.9336,-0.6464,-2.4053,2.660
39.244336,-0.8518,-0.5244,-1.2468,1.599
39.264461,-2.0591,-0.4848,1.1266,2.397
39.284417,-2.0113,-0.2247,2.1455,2.949
39.304933,-1.8777,-0.0794,2.2396,2.924
39.330151,-2.0624,0.2034,2.1519,2.988
39.363713,-1.8858,0.0631,1.5574,2.447
39.364468,-1.5210,-0.6865,0.1751,1.678
39.385063,-1.8686,-1.3481,-0.5376,2.366
39.405466,-2.0659,-1.1969,0.5052,2.440
39.425300,-1.2551,-0.3912,2.2672,2.621
39.445113,-1.0466,0.1291,3.2393,3.407
39.465058,-1.4090,-0.5697,2.4117,2.851
39.484694,-2.0087,-1.6446,0.5979,2.664
39.511130,-2.4966,-4.2568,-0.4045,4.952
39.525154,-0.6048,-4.0614,1.0086,4.228
39.545134,1.6470,-1.8352,3.0004,3.884
39.565146,1.8981,-1.2125,3.7311,4.358
39.585719,1.1267,0.0096,3.6123,3.784
39.605830,1.0011,1.6345,1.6098,2.503
39.628717,1.3019,1.5221,0.9896,2.234
39.645902,3.3106,-1.3824,2.4661,4.353
39.665239,3.7750,-5.1242,0.3564,6.375
39.685893,-2.0602,-6.4407,-4.4975,8.121
39.706106,-5.7711,-6.1004,-5.2141,9.885
39.728242,-2.0356,-4.1140,-0.9159,4.681
39.745170,1.2587,-2.4643,-5.1363,5.834
39.767123,3.2117,-0.0532,-7.2228,7.905
39.792102,4.0153,2.0621,-3.2491,5.562
39.826518,1.2605,2.5015,-3.6606,4.609
39.826794,-1.9878,2.9273,-4.5055,5.729
39.846402,-2.4462,3.5843,-3.3190,5.463
39.866113,-0.3378,4.4352,-4.3049,6.190
39.885945,0.6113,5.1970,-4.3656,6.815
39.906053,0.3152,5.0825,-4.0175,6.486
39.927250,-0.1296,5.3067,-3.3739,6.290
39.946697,-0.0342,5.6724,-2.5140,6.205
39.971318,0.2146,5.7014,-0.8469,5.768
39.986406,0.5058,5.0528,2.2558,5.557
40.006917,1.5515,2.3005,2.3102,3.611
40.027075,3.0015,-2.7352,1.0169,4.186
40.047344,4.2806,-10.8855,3.1782,12.121
40.067598,1.1323,-15.9557,5.2100,16.823
40.087557,-0.1654,-7.5198,2.0430,7.794
40.107247,2.4006,-1.0819,-0.3056,2.651
40.126927,4.4472,-1.3049,1.3906,4.839
40.147354,0.7979,-5.0037,-2.7193,5.750
40.167103,-2.2296,0.2145,-6.4468,6.825
40.187239,0.6324,3.7906,-2.8742,4.799
40.208948,2.8961,6.1930,-0.0595,6.837
40.239939,4.1426,7.3156,0.2071,8.410
40.247264,4.6413,2.2728,-0.7910,5.228
40.267928,0.8673,-3.4449,-4.0883,5.416
40.287585,-3.8744,-4.0710,-4.0760,6.942
40.308119,-5.9322,-2.2151,0.9218,6.399
40.328225,-4.8890,0.4784,2.8548,5.682
40.348328,-2.4895,1.7722,-0.4599,3.090
40.368420,-0.6124,0.5981,-3.5007,3.604
40.388827,0.0852,-0.6511,-3.1201,3.188
40.408740,0.8139,-0.2313,0.4159,0.943
40.428943,2.0424,0.4710,3.1881,3.815
40.451440,3.0860,0.6806,5.1638,6.054
40.485069,3.0887,0.4884,2.0789,3.755
40.489089,2.4468,0.2840,-1.9198,3.123
40.509136,1.7980,0.3132,-3.6806,4.108
40.530185,0.8838,0.1484,-2.0743,2.260
40.549704,0.5658,-0.5759,1.5850,1.779
40.569714,0.5959,-0.3380,3.0562,3.132
40.610088,0.2578,0.2007,2.4616,2.483
40.610376,-1.5168,0.5635,2.8661,3.291
40.631878,-3.2373,-1.1874,3.5234,4.930
40.650824,-2.8098,-3.4426,2.4902,5.094
40.670540,-1.8558,-3.1346,0.9346,3.761
40.690181,-0.1113,-3.2643,2.2275,3.953
40.711579,0.5019,-4.8316,4.5561,6.660
40.734912,-0.4920,-5.6192,3.5505,6.665
40.749881,-0.5698,-4.8836,2.3395,5.445
40.771744,0.4779,-0.4220,1.8244,1.933
40.790940,2.0632,2.0728,0.2088,2.932
40.817998,3.1605,0.0731,1.1434,3.362
40.836148,2.2707,-4.7376,-3.2249,6.165
40.851766,-1.4861,-7.2522,-11.3769,13.573
40.871836,-4.6342,-5.3678,-1.9997,7.368
40.892284,-3.5115,-4.6137,0.6931,5.839
40.914408,2.1688,-1.9791,-3.0102,4.205
40.949216,3.7032,1.4807,-4.6533,6.129
40.950196,0.5608,2.1981,-3.6323,4.282
40.971499,-1.6152,1.9529,-4.9017,5.518
40.991998,-1.9277,2.1207,-6.0428,6.688
41.013542,-0.5861,3.9230,-5.5609,6.831
41.031389,0.3986,5.9648,-5.4830,8.112
41.053944,-0.1954,6.2265,-5.2654,8.157
41.083933,-0.9242,5.9129,-5.3736,8.043
41.092565,-1.4173,5.4609,-4.2040,7.036
41.111232,-1.7543,5.5667,-2.1769,6.229
41.135198,-1.3114,5.1178,-0.9109,5.361
41.151759,0.1043,2.8169,-1.4848,3.186
41.173656,2.9477,-1.1008,0.8198,3.252
41.195749,4.4043,-8.1595,3.0837,9.772
41.213380,2.9016,-17.6748,7.6418,19.473
41.231559,-0.6810,-11.4193,7.1686,13.500
41.253481,0.9643,2.6476,2.0666,3.494
41.272076,5.4267,3.6040,-1.8775,6.780
41.293653,8.3806,-5.8982,-2.0289,10.447
41.312656,2.4968,-11.9646,-11.8873,17.050
41.344058,-0.7154,1.8685,-11.0346,11.214
41.352239,-0.0656,5.5985,-1.4068,5.773
41.373576,-2.5722,5.7303,3.1919,7.046
41.392707,-1.7278,7.7875,4.8907,9.357
41.414278,0.8441,1.9859,-4.2307,4.749
41.432650,-1.6933,-5.0456,-9.1901,10.620
41.453458,-4.8520,-6.2290,-3.5956,8.676
41.476448,-3.6259,-1.4032,3.6778,5.352
41.493131,-0.6885,2.1651,4.1461,4.728
41.513277,1.2346,1.6698,-0.2694,2.094
41.535202,2.0305,0.0004,-1.9596,2.822
41.553095,3.4127,0.5564,1.2381,3.673
41.579209,3.2622,1.4385,2.8799,4.583
41.595550,1.7651,1.1021,1.8216,2.766
41.617160,0.4051,-0.2981,-1.8033,1.872
41.636118,-0.0981,-0.1534,-3.6155,3.620
41.658888,-0.4971,0.0385,-0.0238,0.499
41.676310,-1.6708,-0.7383,4.1570,4.541
41.697008,-2.0925,-0.5528,4.5747,5.061
41.724907,-1.3671,-0.1999,3.6668,3.918
41.737033,-1.9284,-0.8314,3.3276,3.935
41.756167,-3.2237,-1.9571,1.2861,3.985
41.777822,-3.9311,-1.4577,0.2712,4.201
41.797726,-3.3131,-3.9664,0.8290,5.234
41.828172,-2.3883,-5.9558,1.4328,6.575
41.836112,0.1019,-4.2395,3.1310,5.271
41.857218,1.5964,-3.5728,2.6160,4.707
41.876444,2.4502,-1.8301,0.6892,3.135
41.894691,3.4515,0.0781,-0.1198,3.454
41.917615,4.8726,0.6927,-0.1582,4.924
41.937887,3.6178,-2.2383,-2.3719,4.871
41.961259,1.4456,-3.3148,-3.9895,5.385
41.977333,-1.1384,-3.4720,-7.9959,8.791
41.997396,-1.8326,-2.0380,-1.5071,3.128
42.021075,0.7796,-0.7036,-0.0794,1.053
42.058282,0.9917,0.0679,-1.7316,1.997
42.058646,-0.1126,0.0287,-3.5341,3.536
42.076562,-0.9592,-0.6340,-3.9298,4.095
42.098633,-1.8441,0.2445,-5.1861,5.510
42.116495,-1.3030,2.1461,-4.3019,4.981
42.138150,-0.6103,3.3688,-4.8335,5.923
42.157848,-0.9265,4.1756,-4.8034,6.432
42.181897,-1.4992,5.1784,-4.9746,7.336
42.196943,-1.8422,4.1656,-4.7604,6.588
42.219864,-1.7848,4.2509,-4.3343,6.328
42.236815,-1.2167,5.1331,-2.6631,5.909
42.258902,-0.8669,4.9972,-0.8897,5.149
42.276730,-0.8005,3.3124,1.5893,3.760
42.303359,0.6022,-0.0201,3.0847,3.143
42.339931,5.2116,-6.9887,4.5214,9.821
42.340232,6.4348,-15.1929,8.1009,18.381
42.357020,3.1514,-8.3419,5.4664,10.459
42.380160,2.3638,0.6517,0.5586,2.515
42.396529,6.8362,0.2471,-2.9963,7.468
42.421365,9.8962,-7.6961,-5.0722,13.524
42.450955,0.9498,-6.8809,-9.0484,11.407
42.459840,-1.6742,5.1110,-9.4274,10.854
42.478840,0.1018,5.9515,-3.5561,6.934
42.502939,-2.5800,4.9005,-2.4658,6.062
42.517833,-3.1444,3.9218,2.6302,5.673
42.543591,-1.3613,-0.4860,6.6930,6.847
42.558096,-4.8025,-6.3637,-2.0924,8.242
42.585048,-5.6307,-4.6132,-5.0399,8.854
42.600631,-1.5489,0.6717,-2.1354,2.722
42.620279,0.4521,2.3564,-0.1733,2.406
42.641081,0.0246,1.1151,-0.4673,1.209
42.660756,0.2932,-0.6773,-1.0509,1.284
42.678255,1.9853,-0.7519,1.7669,2.762
42.703788,2.6785,-0.0385,3.4482,4.366
42.719307,2.1337,0.9296,3.2685,4.012
42.748762,1.1901,1.4764,1.0348,2.160
42.760691,0.2353,1.2552,-1.7683,2.181
42.780988,-0.6131,0.7848,-2.4080,2.606
42.800563,-1.4568,-0.2686,-0.0785,1.483
42.821343,-1.5578,-0.6357,3.2009,3.616
42.848426,-0.5364,0.7015,4.7512,4.833
42.861290,-0.6040,0.2146,3.8467,3.900
42.881199,-2.4086,-2.2471,1.2949,3.539
42.901414,-3.8618,-2.9796,-1.0624,4.992
42.921168,-3.2686,-3.4586,0.1795,4.762
42.947188,-2.0940,-4.1848,4.0750,6.205
42.983565,-0.2478,-3.1491,5.0912,5.992
42.983840,1.0489,-2.9111,3.9506,5.018
43.001087,0.6955,-2.2442,2.0221,3.100
43.022565,0.1420,-0.7513,0.4077,0.866
43.044680,0.1872,0.8837,1.1985,1.501
43.082159,-0.2677,-0.6272,-2.5770,2.666
43.082435,0.2939,-3.8609,-5.5660,6.780
43.101656,1.2233,-4.4357,-7.8653,9.112
43.120890,0.6017,-2.6244,-2.1974,3.475
43.143658,0.8424,-1.3767,2.9271,3.343
43.181870,0.4065,-1.2683,-0.8611,1.586
43.182157,-0.2537,-0.9184,-3.3604,3.493
43.201523,-0.6554,-0.6988,-6.8431,6.910
43.225893,-0.7022,0.6171,-7.4185,7.477
43.243656,-0.7944,2.9103,-5.1555,5.973
43.264903,-0.6822,5.0684,-3.9712,6.475
43.291377,-0.7476,4.7595,-3.4142,5.905
43.303440,-0.6903,4.4831,-4.5964,6.458
43.321295,-0.6025,4.5223,-4.6984,6.549
43.343041,-0.4805,4.3960,-3.6739,5.749
43.361951,-0.0836,3.9361,-2.4121,4.617
43.386688,0.9067,3.6131,-1.5850,4.048
43.402426,1.1894,2.0038,-0.4743,2.378
43.424854,1.9467,-3.0157,1.8469,4.037
43.442074,3.6160,-12.0766,7.1244,14.480
43.462434,2.2090,-14.5234,8.8637,17.157
43.481997,1.0980,-1.8143,6.8117,7.134
43.507663,2.9213,5.2627,0.9744,6.097
43.544499,3.1962,1.9279,-3.7492,5.290
43.544775,0.8057,-9.0220,-8.8995,12.698
43.562179,-3.1492,-8.2967,-9.9694,13.347
43.583501,-0.5493,3.1341,-4.6044,5.597
43.602608,1.0460,4.4953,-1.3585,4.811
43.623214,-0.9669,5.5485,1.1671,5.752
43.644243,0.9877,5.5574,6.6415,8.716
43.672432,2.0888,1.0837,-2.3419,3.320
43.682926,-1.4617,-3.7487,-7.2290,8.273
43.703645,-4.3490,-5.3835,-2.5705,7.383
43.723014,-3.4684,-0.9934,2.4503,4.361
43.743311,-1.3958,1.9706,3.6239,4.355
43.764577,1.2872,1.8156,0.7050,2.335
43.784436,2.8047,0.7318,0.0041,2.899
43.805417,2.7136,0.2514,-0.9207,2.877
43.823975,2.0920,0.7740,-0.6079,2.312
43.846652,0.7786,0.7194,1.7910,2.081
43.863834,-0.6574,-0.1636,2.0237,2.134
43.885984,-0.6579,-0.3493,-0.7099,1.029
43.905969,0.7645,-0.1859,-1.2696,1.494
43.942470,0.4154,-0.4877,2.2132,2.304
43.944332,-1.4478,-0.0197,5.9541,6.128
43.967559,-2.6695,-0.0567,4.5603,5.285
43.986738,-2.8790,-1.7099,1.1096,3.528
44.004749,-4.4274,-2.0540,-0.6482,4.923
44.026888,-4.8714,-3.6087,-0.2350,6.067
44.044929,-3.5592,-5.2704,2.3204,6.770
44.069433,0.1581,-3.4879,4.3855,5.606
44.085273,0.9866,-4.3931,3.3462,5.610
44.105240,0.1842,-2.9981,2.1322,3.684
44.124805,0.8138,-0.2578,0.4719,0.975
44.152827,2.3214,1.2379,-0.1022,2.633
44.188358,4.0921,1.3312,-1.3410,4.507
44.188650,3.8026,-2.1321,-3.9534,5.885
44.205704,2.3466,-3.4083,-3.5437,5.448
44.225150,0.8364,-3.0218,-4.8667,5.789
44.246648,-0.4646,-2.0106,-1.1300,2.353
44.264829,-0.3531,-1.0183,-0.2195,1.100
44.285941,-0.8353,-0.1729,-3.0208,3.139
44.306362,-1.8324,-0.3035,-4.7535,5.104
44.330409,-1.9763,0.5124,-5.1037,5.497
44.345097,-1.2362,2.3601,-5.2411,5.879
44.366433,-0.5323,4.1790,-3.7796,5.660
44.385406,-0.2492,4.8263,-3.6394,6.050
44.406921,0.1444,5.4054,-3.9070,6.671
44.426186,-0.1295,5.1242,-3.6958,6.319
44.447561,-0.8472,4.6620,-3.3665,5.812
44.465840,-0.6710,4.0940,-2.1781,4.686
44.487094,0.4410,2.8061,-0.2878,2.855
44.506788,1.4990,-0.0823,1.8300,2.367
44.527516,2.8131,-6.4212,4.7846,8.488
44.550597,5.4313,-13.6934,8.5874,17.051
44.567190,2.9792,-9.9628,6.1177,12.065
44.586853,1.0032,2.1407,2.3608,3.341
44.606719,3.4561,6.1756,-2.0728,7.374
44.630963,4.8033,-0.0856,-4.8484,6.825
44.668480,1.0643,-7.9845,-7.1761,10.788
44.668788,-1.5281,-4.7025,-9.2989,10.532
44.686575,0.6036,1.4219,-3.8335,4.133
44.706765,0.3903,2.3753,2.0137,3.138
44.728946,0.1299,6.3755,8.2460,10.424
44.764889,2.8134,6.3381,2.4874,7.367
44.766582,2.4791,-0.2940,-9.0157,9.355
44.787115,-2.9580,-5.4653,-8.2291,10.312
44.807065,-6.0568,-4.4731,-1.4658,7.671
44.827158,-4.2940,0.4289,4.6234,6.324
44.847516,-0.0708,2.6873,2.2892,3.531
44.879642,3.4312,0.9043,-0.7240,3.621
44.887514,3.4832,-0.6738,-1.6212,3.901
44.907632,2.0855,0.3281,0.5111,2.172
44.928411,1.0414,0.4032,2.5150,2.752
44.947870,-0.5385,-0.7332,2.0009,2.198
44.968644,-0.7188,-0.1094,-0.8808,1.142
44.989463,0.0783,0.9998,-1.5005,1.805
45.009305,-0.3487,0.7061,2.0201,2.168
45.028253,-1.5839,0.5625,3.5322,3.912
45.048263,-1.1867,0.4011,2.4752,2.774
45.068526,-0.3220,0.1444,3.2259,3.245
45.088715,-1.1103,-0.3355,3.3370,3.533
45.109816,-3.6623,-1.6257,-0.0691,4.008
45.130481,-5.4163,-3.5838,-1.2453,6.613
45.162655,-3.9601,-5.7649,0.7587,7.035
45.169096,-0.1294,-4.6606,2.6232,5.350
45.189286,1.0990,-4.1673,3.1567,5.342
45.209995,1.0742,-4.5580,2.5906,5.352
45.230679,2.1664,-1.7694,2.2762,3.606
45.260196,2.5650,1.8735,0.5641,3.226
45.270285,4.4664,2.7895,-0.7743,5.323
45.289553,4.8014,-1.1600,-0.6576,4.983
45.310690,2.6546,-4.1490,-1.0892,5.045
45.330496,0.3899,-3.4766,-4.7550,5.903
45.351360,-1.3916,-2.6836,-5.6839,6.438
45.377356,0.1387,-0.5022,0.0823,0.527
45.390154,0.3590,-0.2683,-1.4771,1.544
45.411807,-0.8340,-0.5993,-3.8485,3.983
45.430779,-1.5326,-0.3252,-4.1651,4.450
45.451872,-1.9101,0.8492,-4.2312,4.719
45.470751,-1.6708,2.6584,-4.6536,5.614
45.493382,-0.9561,3.7739,-4.6808,6.088
45.525119,-0.5205,4.5200,-4.8616,6.659
45.532063,0.0765,5.0647,-4.4079,6.715
45.551941,-0.3356,4.7737,-3.7785,6.097
45.573620,-1.0157,4.5023,-3.1523,5.589
45.591436,-0.3272,4.7357,-2.1477,5.210
45.613820,0.7031,3.5323,-0.6873,3.667
45.645324,1.6045,1.6056,2.1047,3.096
45.652905,2.5266,-3.6862,5.4452,7.044
45.670930,4.0377,-13.6433,8.7836,16.721
45.694010,2.3611,-12.6388,6.8472,14.567
45.711597,2.2101,0.2683,3.5160,4.162
45.737426,4.1602,5.5873,-1.3205,7.090
45.772927,6.0756,0.1720,-3.6083,7.068
45.773210,0.8284,-11.2672,-8.1058,13.905
45.791328,-4.2401,-5.7000,-9.2861,11.692
45.813391,-0.8112,4.4840,-1.8669,4.924
45.831299,-0.0005,4.7750,0.1093,4.776
45.852940,-1.0583,6.3811,4.6881,7.989
45.872926,2.2514,5.2312,3.5894,6.732
45.907909,2.8765,-1.3523,-6.4912,7.228
45.911749,-2.6515,-5.2663,-9.1476,10.883
45.934348,-6.3671,-3.0701,-1.1646,7.164
45.952763,-6.0286,0.5677,4.6710,7.648
45.973640,-3.6307,1.6000,2.0664,4.474
45.992208,0.0178,0.4577,-2.9746,3.010
46.018482,3.1769,-0.2132,-0.1982,3.190
46.032482,4.1748,0.2629,2.9237,5.104
46.054224,4.6202,1.1753,2.1460,5.228
46.073276,3.8620,1.7402,2.1540,4.752
46.093032,2.0682,0.9127,-0.0768,2.262
46.120913,-0.0155,-0.3458,-2.4767,2.501
46.133203,-1.2609,-0.8701,-0.3801,1.578
46.152987,-2.2484,-0.7150,2.4582,3.407
46.173381,-2.3441,0.2030,3.2205,3.988
46.193129,-1.5414,0.6295,3.3803,3.768
46.216445,-1.8397,-0.0473,3.2453,3.731
46.234119,-3.2266,-1.8395,1.2213,3.910
46.275826,-4.5530,-2.5722,-0.1779,5.232
46.276197,-4.0676,-3.3146,1.2128,5.385
46.296049,-3.2238,-5.3748,3.1321,7.007
46.315146,-0.6567,-4.5475,4.4865,6.422
46.336689,2.0196,-2.2448,4.7981,5.669
46.363458,0.6382,-2.3895,1.8188,3.070
46.373775,0.2763,-0.9912,-0.9298,1.387
46.395536,2.2163,0.0881,-0.2424,2.231
46.419817,5.1987,-1.3500,-2.2385,5.819
46.437587,4.3851,-4.1834,-4.9979,7.855
46.457541,3.6385,-4.0279,-3.6296,6.530
46.476366,1.2097,-3.6549,-4.0795,5.609
46.497905,-0.5773,-2.2851,-1.8154,2.975
46.516164,-1.2367,-0.5154,-0.5902,1.464
46.537697,-2.5594,0.3422,-3.0485,3.995
46.556305,-2.9450,0.0258,-4.3064,5.217
46.577218,-1.8681,0.9112,-4.3321,4.805
46.597482,-0.7549,3.1175,-6.5686,7.310
46.629343,0.0428,5.3179,-4.8156,7.174
46.636679,-0.2215,5.0401,-3.6799,6.244
46.658023,-0.5965,4.8340,-3.9476,6.270
46.676952,-1.1958,4.9345,-3.8122,6.349
46.707740,-1.7129,4.3923,-2.5709,5.370
46.716643,-1.6098,4.2944,-1.4001,4.795
46.738759,-0.4032,4.0815,-0.1750,4.105
46.756266,0.8952,1.6221,1.0878,2.148
46.781812,1.7389,-4.9509,2.6758,5.890
46.800217,4.1128,-12.5057,6.4533,14.661
46.827889,4.2754,-10.5974,5.3513,12.618
46.836622,2.0257,-1.9697,3.0709,4.173
46.858825,4.0043,5.3121,1.3461,6.787
46.877284,7.5032,2.7957,-2.1931,8.302
46.898870,4.7220,-9.8525,-5.1930,12.097
46.916784,-3.3720,-9.0244,-7.1337,11.987
46.952114,-2.3843,2.0810,-5.9970,6.781
46.956540,0.4099,4.4441,-0.6122,4.505
46.979413,-0.7960,8.1253,3.7084,8.967
46.996635,1.0018,8.5500,0.9796,8.664
47.020097,0.3090,-1.4165,-10.2729,10.375
47.043715,-3.7676,-7.3224,-8.4415,11.793
47.059515,-5.2916,-4.7130,-1.5213,7.248
47.077466,-3.8907,-0.7968,4.6871,6.143
47.099765,-1.6890,1.1317,6.0073,6.342
47.117078,0.8913,2.6582,0.6003,2.867
47.143223,2.4909,1.3036,-1.2715,3.086
47.161736,2.1264,0.2181,-0.7680,2.271
47.179992,1.6450,0.5615,0.6921,1.871
47.197245,0.8849,1.3139,2.8010,3.218
47.220095,-0.0187,0.5695,2.1351,2.210
47.237477,-0.5490,-0.4196,-1.1182,1.314
47.262559,-0.5255,0.1166,-2.3369,2.398
47.288703,-0.4780,1.0194,0.3653,1.184
47.300736,-1.7364,0.3390,3.9747,4.351
47.320658,-3.3248,-1.0434,5.2015,6.261
47.340750,-2.8153,-1.5614,4.0309,5.159
47.361122,-2.2534,-1.3635,2.3876,3.555
47.388849,-3.1278,-1.6057,-0.1941,3.521
47.424685,-2.6431,-3.3329,-0.3234,4.266
47.424997,-0.9546,-4.3318,2.7024,5.194
47.441099,0.9454,-3.2752,4.7583,5.853
47.461321,1.9365,-3.7834,4.9044,6.490
47.480910,0.6631,-5.1948,2.6370,5.863
47.501186,-0.0340,-3.3266,-0.7250,3.405
47.522993,1.3133,1.2888,-2.0085,2.724
47.541275,3.3132,2.0152,-1.7772,4.266
47.560947,3.5692,-2.8589,-3.2186,5.592
47.582161,2.3666,-5.0847,-3.3140,6.514
47.600644,-0.0553,-3.6393,-4.7823,6.010
47.619956,-1.6161,-1.3699,1.8013,2.781
47.644616,-1.3991,-1.3030,-0.5631,1.993
47.668078,-1.3598,-1.6340,-5.2134,5.630
47.681288,-1.2446,-0.3294,-5.9153,6.054
47.701790,-1.5793,1.2428,-4.8013,5.205
47.723666,-1.5175,3.8723,-3.5250,5.452
47.743682,-1.1823,4.0146,-3.2442,5.295
47.769384,-0.3049,4.0094,-4.5830,6.097
47.782583,-0.7478,3.6218,-4.7476,6.018
47.801023,-1.4363,3.2923,-4.3355,5.630
47.822531,-1.2691,3.9918,-4.0782,5.846
47.841521,-0.7360,4.7179,-3.0125,5.646
47.866739,-0.2025,4.6563,-1.7797,4.989
47.885086,0.3304,3.4010,-1.3137,3.661
47.902922,0.8480,0.8772,0.0193,1.220
47.921109,2.1208,-4.7410,2.6246,5.819
47.943572,3.4352,-12.1747,7.4577,14.685
47.962399,1.7448,-10.9138,8.0984,13.702
47.983199,1.7940,-1.2469,5.5165,5.933
48.001514,3.4265,4.9197,-0.4013,6.009
48.028047,3.8387,2.0208,-2.1974,4.863
48.041919,0.4786,-13.1856,-4.4478,13.924
48.064109,-2.2844,-7.4723,-8.4486,11.508
48.081524,0.1822,4.5828,-3.7111,5.900
48.111232,0.9980,6.3959,2.4184,6.910
48.122069,1.2562,10.6036,3.6830,11.295
48.144140,2.2281,6.1651,-6.6085,9.308
48.162272,0.5233,-3.8539,-11.3711,12.018
48.183910,-4.4658,-7.7198,-5.1037,10.275
48.204202,-7.8733,-4.2544,2.5212,9.298
48.224173,-6.0492,-0.4155,6.9475,9.221
48.245665,-1.3143,1.7200,1.2220,2.486
48.263076,2.7075,2.4534,-2.2459,4.289
48.282704,3.3933,1.2834,-0.7565,3.706
48.303357,1.9728,0.4528,0.3569,2.055
48.322846,1.0941,0.7178,2.9778,3.253
48.345072,0.8108,0.8150,3.6426,3.820
48.363316,0.6583,0.4397,-0.7562,1.095
48.383587,0.6302,0.4672,-3.2219,3.316
48.403598,0.2299,0.0170,-1.0049,1.031
48.424432,-1.1162,-0.5173,3.4695,3.681
48.443879,-2.5200,-1.5555,5.2312,6.011
48.466428,-2.3045,-1.5897,4.0930,4.959
48.491214,-2.1470,-0.2645,3.5617,4.167
48.504113,-4.0277,-1.0019,1.3185,4.355
48.524217,-5.3045,-2.3230,-1.5047,5.983
48.544280,-3.4566,-3.8521,-0.0207,5.176
48.565289,-1.5827,-4.7768,2.0710,5.442
48.588574,1.1939,-4.3326,3.9479,5.982
48.603952,1.8777,-5.0633,4.1963,6.839
48.624271,0.2395,-3.6648,2.6303,4.517
48.643916,0.2314,-0.0159,0.3778,0.443
48.663999,2.0131,2.2951,-1.2302,3.291
48.687503,3.3705,1.3351,-1.6554,3.985
48.704870,3.0115,-1.7797,-3.0377,4.633
48.725098,1.6034,-2.4663,-3.5032,4.575
48.746795,-0.6563,-2.4625,-3.6829,4.479
48.764633,-2.3699,-2.6219,-0.1262,3.536
48.785048,-1.9183,-1.9704,-0.1211,2.753
48.805607,-2.0228,-0.7268,-3.6683,4.252
48.824162,-2.7151,0.2454,-4.8094,5.528
48.844761,-3.5121,0.3758,-5.6285,6.645
48.867494,-2.6228,2.2378,-4.5938,5.744
48.884781,-1.2318,3.5420,-3.3203,5.009
48.908225,-0.1984,4.1290,-3.5479,5.448
48.924552,0.0406,4.4472,-3.6577,5.758
48.945362,-0.3791,4.4517,-3.6689,5.781
48.965385,-0.6161,4.3148,-3.2912,5.462
48.985382,-0.3260,4.0673,-2.1666,4.620
49.006261,0.8086,3.6030,-1.9789,4.189
49.025120,1.4504,1.5098,-1.0991,2.365
49.047194,1.3581,-3.3635,2.4000,4.349
49.065476,2.8673,-9.7371,7.5514,12.651
49.086789,2.6634,-11.2326,7.4128,13.719
49.108493,2.3960,-2.2740,6.5790,7.362
49.138707,3.4822,4.8684,2.3441,6.428
49.146049,4.2942,1.8491,-2.8110,5.455
49.167111,0.3712,-9.0195,-6.8763,11.348
49.189506,-5.5635,-9.0431,-10.0256,14.603
49.206952,-2.2706,0.8130,-4.4039,5.021
49.237398,1.0556,3.7560,1.5315,4.191
49.246308,1.2933,8.6438,5.6323,10.398
49.266384,4.0014,9.5405,0.6415,10.366
49.286475,4.2052,0.5879,-10.1475,11.000
49.306626,-1.3096,-6.6482,-8.8924,11.180
49.327850,-7.6786,-5.9422,-0.2690,9.713
49.348911,-7.2799,-1.0373,7.2916,10.356
49.366591,-2.4909,1.5426,2.5553,3.888
49.386940,1.8293,1.5601,-3.4127,4.175
49.406588,2.9386,0.6348,-0.6134,3.068
49.427107,2.3290,0.6317,1.4958,2.839
49.447871,2.5409,1.0368,2.1854,3.508
49.467264,2.3208,0.7623,1.1205,2.688
49.487102,1.3077,0.1365,-1.0054,1.655
49.508214,0.1829,0.0287,-1.7954,1.805
49.527388,-0.9741,-0.5042,-0.0577,1.098
49.547450,-2.2021,-1.0734,3.3276,4.132
49.567676,-3.0043,-0.4155,4.3885,5.335
49.599789,-1.7849,0.2812,1.9000,2.622
49.607514,-1.5516,0.2436,3.4514,3.792
49.627998,-2.5970,-1.1608,2.4024,3.723
49.648100,-3.7535,-2.0296,-0.7104,4.326
49.669061,-2.9552,-2.7077,-0.0321,4.008
49.699054,-1.2508,-3.9830,2.8847,5.074
49.708508,0.7922,-4.4792,3.9249,6.008
49.728682,0.7261,-5.2696,3.2151,6.216
49.749745,-0.0232,-4.3970,1.9162,4.796
49.769415,0.8343,-0.6615,-0.3053,1.108
49.789673,2.5656,2.0023,-1.2869,3.500
49.809455,4.2554,1.7822,-2.8439,5.420
49.830035,4.1897,-1.3492,-2.8731,5.256
49.849115,1.8081,-3.0358,-1.3084,3.768
49.869314,-0.2520,-3.4120,-1.9139,3.920
49.890229,-2.0473,-3.7406,-2.0698,4.740
49.910511,-1.4439,-2.4338,-3.0519,4.162
49.931010,-1.1347,-0.2908,-3.2832,3.486
49.949684,-1.9298,0.3432,-4.5980,4.998
49.970135,-1.5975,1.0547,-4.5227,4.911
49.989853,-1.6878,2.3052,-5.0198,5.776
50.010231,-1.4437,3.6072,-4.4214,5.886
50.030256,-0.7734,4.3880,-2.9958,5.369
50.065121,-0.5412,4.5924,-3.1500,5.595
50.070087,-0.7541,4.5348,-3.4983,5.777
50.093273,-0.9572,4.7554,-3.2819,5.857
50.110521,-0.5891,4.0899,-2.9661,5.086
50.132303,-0.0074,3.9102,-1.2002,4.090
50.151095,0.4970,3.6828,0.7317,3.788
50.177521,1.5352,-0.0278,4.1384,4.414
50.190673,3.4661,-10.5923,11.0831,15.718
50.212104,1.8891,-12.9960,7.8930,15.322
50.230880,2.0805,-1.1185,3.1625,3.947
50.252305,4.1646,4.7406,-0.6562,6.344
50.270955,5.4720,2.2284,-4.3713,7.350
50.295159,0.5802,-7.8933,-7.4877,10.895
50.311569,-4.1460,-10.6341,-8.0151,13.947
50.333352,-1.1007,-1.0096,-2.7994,3.173
50.350586,-0.6866,0.8519,4.6338,4.761
50.372550,1.2344,3.2750,10.3361,10.913
50.393796,4.4876,6.7335,0.4701,8.105
50.412409,4.6901,3.6987,-11.8532,13.273
50.431389,1.0039,-1.0776,-9.5012,9.615
50.456572,-4.0105,-3.0489,-3.4535,6.108
50.490775,-6.2600,-2.6702,1.7265,7.021
50.491757,-4.8102,-0.8420,2.0561,5.299
50.511283,-0.8464,0.9264,-1.4391,1.909
50.533145,1.5698,0.5010,-1.3462,2.128
50.555738,1.9401,1.4600,0.8329,2.567
50.589459,1.5043,0.2031,0.9961,1.816
50.591364,1.1028,-0.3469,0.5799,1.293
50.611998,0.4796,-0.0809,0.9612,1.077
50.631919,-0.0587,0.1796,-0.0769,0.204
50.652329,0.2452,0.1877,-2.0724,2.095
50.671776,1.2866,0.0633,-1.4940,1.973
50.694159,1.4899,-0.8820,1.5149,2.301
50.713649,0.5137,-0.6992,3.0884,3.208
50.739393,-0.6344,-0.1789,4.1655,4.217
50.752742,-1.6625,0.4463,3.2320,3.662
50.774699,-4.5709,2.4260,1.3311,5.343
50.792687,-3.4839,-0.4424,-0.4211,3.537
50.814622,-1.5325,-1.3446,-1.8009,2.720
50.833909,-1.1281,-0.8982,0.4476,1.510
50.856141,-1.0366,-2.2681,2.8384,3.778
50.872911,-0.1893,-2.9405,3.1193,4.291
50.895332,1.4920,-2.0576,0.9450,2.712
50.913117,3.8438,-2.5570,-2.1261,5.083
50.936219,5.4581,-0.7502,-2.9835,6.265
50.956377,4.8000,1.9982,-0.6586,5.241
50.977822,1.3656,1.2387,1.5611,2.416
51.005655,0.8738,-0.9833,1.1185,1.727
51.017618,0.0414,-2.1537,-2.8425,3.567
51.036335,-1.4250,-4.8097,-6.9420,8.565
51.060445,-1.6608,-5.4357,-5.6455,8.011
51.077637,-2.6849,-1.7166,-6.0934,6.876
51.102286,-2.4468,0.9085,-4.7891,5.454
51.137515,-0.4467,0.3990,-3.6544,3.703
51.137817,1.3778,-1.3994,-3.6876,4.178
51.156025,1.3139,2.5885,-2.9191,4.117
51.179881,0.9311,6.8474,0.4412,6.925
51.197013,0.8404,6.4469,-0.5568,6.525
51.217791,-1.1347,3.8206,-2.9347,4.949
51.254636,-1.1510,1.0861,-2.0173,2.564
51.257116,0.5610,-2.3480,-2.1702,3.246
51.279714,2.6882,-1.4108,-0.6343,3.101
51.300486,3.2925,-1.0214,1.0580,3.606
51.318093,0.2866,-5.4705,3.4461,6.472
51.340733,-3.2104,-6.7055,2.1604,7.742
51.357330,-1.2600,-2.1642,0.9644,2.684
51.384584,1.9826,3.3202,-0.8945,3.969
51.396109,1.6518,1.9051,-2.6301,3.644
51.418395,-0.5295,-1.0736,0.0218,1.197
51.437790,-0.1212,0.1845,1.4138,1.431
51.458778,1.1912,-0.4287,-0.1448,1.274
51.478979,1.1107,-0.7134,-2.7352,3.037
51.502479,-0.4955,-2.3883,-2.6947,3.635
51.516490,-3.0742,-5.1253,0.8037,6.030
51.539293,-3.7467,-4.5966,1.2049,6.051
51.557046,-3.1514,-3.5750,-0.3322,4.777
51.579015,-1.9407,-3.7414,0.0266,4.215
51.597767,0.9317,-3.2726,1.8093,3.854
51.630850,4.3264,-3.4170,0.4834,5.534
51.636525,5.5955,-4.2748,-1.5428,7.209
51.659611,3.7284,2.1289,-1.0964,4.431
51.676268,1.0214,3.9440,0.6374,4.124
51.699364,1.1884,1.7753,-0.7078,2.251
51.717101,1.4947,1.8887,-2.7338,3.643
51.744513,0.3954,3.0399,-2.4378,3.917
51.757228,0.4002,2.6013,1.0498,2.834
51.779812,-0.2655,-0.2025,0.0602,0.339
51.797615,-2.4216,-1.2753,-0.6822,2.821
51.822710,-2.1723,-1.8195,-1.1890,3.073
51.837058,0.1094,-2.1674,-2.8542,3.586
51.860330,0.6743,-3.6263,1.2728,3.902
51.877686,2.0281,-2.6651,3.5225,4.860
51.901560,0.4711,-1.1669,-2.3741,2.687
51.921018,1.5714,0.0536,0.0521,1.573
51.942730,-0.2908,0.9483,3.4732,3.612
51.961276,0.5068,0.1715,-0.4545,0.702
51.980730,0.5052,-0.5198,-2.1941,2.311
52.001502,1.0969,1.2950,0.2874,1.721
52.025099,0.3461,1.6250,2.9480,3.384
52.063570,-2.2720,-0.1689,0.6549,2.371
52.063857,-3.8248,0.0479,1.6407,4.162
52.081224,0.3744,2.8712,8.7667,9.232
52.099664,1.5644,2.8891,5.6570,6.542
52.123779,-2.2392,0.9549,0.1830,2.441
52.161972,-5.2580,1.2650,0.5093,5.432
52.162675,-3.0408,2.7686,4.0426,5.767
52.181223,-0.7473,3.3000,4.7821,5.858
52.201594,-0.4354,2.0944,2.4420,3.246
52.221196,-2.0051,0.3202,-1.7642,2.690
52.240923,-2.7646,-0.1957,-3.6751,4.603
52.270713,-1.5928,-0.5693,-2.7697,3.245
52.280749,-1.1238,-0.8498,-2.7213,3.064
52.302105,-0.4693,-1.3828,-1.8673,2.370
52.320777,-0.6250,-1.5282,-2.8295,3.276
52.340906,-1.0363,-1.6274,-4.0595,4.495
52.362469,-0.1883,-1.2714,-3.5946,3.817
52.384236,1.1787,-0.6390,-3.1930,3.463
52.406243,1.6124,-0.9439,-2.0443,2.769
52.421332,0.0097,-1.0937,-0.6443,1.269
52.440927,-0.6708,-0.7677,0.6214,1.194
52.462922,0.6573,-0.6499,0.7993,1.222
52.481052,1.8042,-0.6415,0.0726,1.916
52.505493,0.0033,-0.6286,-0.8933,1.092
52.541503,-0.4838,-0.3787,-1.1214,1.279
52.541815,-0.1771,-0.0995,-1.9138,1.925
52.561433,-0.9851,-0.0758,-0.4513,1.086
52.584286,-1.3597,-0.0654,-0.0906,1.364
52.602433,-0.6322,0.1013,0.1018,0.648
52.621191,-0.2275,0.3063,0.1965,0.429
52.644291,-0.1066,0.3564,-0.3729,0.527
52.661317,-0.3337,0.1734,-0.9212,0.995
52.687081,-0.3106,0.2070,-0.6738,0.770
52.703546,-0.5785,0.3184,0.0020,0.660
52.721591,-0.6635,0.5160,0.4284,0.943
52.742326,-0.6548,0.4811,0.1021,0.819
52.762147,0.1231,0.2058,-0.6669,0.709
52.784516,0.3910,0.0205,0.7137,0.814
